3.200000000000000000e+01 4.099999999999999756e-01 2.120057923999999900e+02
3.200000000000000000e+01 4.144444444444444486e-01 3.307856873999999721e+02
3.200000000000000000e+01 4.188888888888888662e-01 3.778681144000000245e+02
3.200000000000000000e+01 4.233333333333333393e-01 3.716182175000000143e+02
3.200000000000000000e+01 4.277777777777777568e-01 3.942586130999999909e+02
3.200000000000000000e+01 4.322222222222222299e-01 3.499295751000000223e+02
3.200000000000000000e+01 4.366666666666666474e-01 3.037242557000000147e+02
3.200000000000000000e+01 4.411111111111111205e-01 2.355361887999999908e+02
3.200000000000000000e+01 4.455555555555555935e-01 1.254600937000000016e+02
3.200000000000000000e+01 4.500000000000000111e-01 1.075885394000000019e+02
3.200000000000000000e+01 4.022222222222222032e-01 1.865233814000000052e+02
3.200000000000000000e+01 4.074074074074073848e-01 2.704903029000000174e+02
3.200000000000000000e+01 4.125925925925925664e-01 2.230931050000000084e+02
3.200000000000000000e+01 4.177777777777778034e-01 3.543967943999999761e+02
3.200000000000000000e+01 4.229629629629629850e-01 3.030950705999999855e+02
3.200000000000000000e+01 4.281481481481481666e-01 4.985516010000000051e+02
3.200000000000000000e+01 4.333333333333333481e-01 3.073627976000000217e+02
3.200000000000000000e+01 4.385185185185185297e-01 2.368963224999999966e+02
3.200000000000000000e+01 4.437037037037037668e-01 1.753435082000000023e+02
3.200000000000000000e+01 4.488888888888889483e-01 8.945089858000000049e+01
3.200000000000000000e+01 4.000925925925925553e-01 1.649620725999999991e+02
3.200000000000000000e+01 4.049691358024690713e-01 1.667775455999999963e+02
3.200000000000000000e+01 4.098456790123456428e-01 2.126969879000000105e+02
3.200000000000000000e+01 4.147222222222221588e-01 3.198797088000000031e+02
3.200000000000000000e+01 4.195987654320987303e-01 3.053223623999999745e+02
3.200000000000000000e+01 4.244753086419752464e-01 3.971001274000000194e+02
3.200000000000000000e+01 4.293518518518518179e-01 4.443400735999999824e+02
3.200000000000000000e+01 4.342283950617283339e-01 4.304638421000000221e+02
3.200000000000000000e+01 4.391049382716049054e-01 2.300580839000000140e+02
3.200000000000000000e+01 4.439814814814814214e-01 1.416381552999999940e+02
3.200000000000000000e+01 4.000925925925925553e-01 1.940725069000000076e+02
3.200000000000000000e+01 4.049691358024690713e-01 2.181236177000000112e+02
3.200000000000000000e+01 4.098456790123456428e-01 2.008370961999999906e+02
3.200000000000000000e+01 4.147222222222221588e-01 2.464002917999999909e+02
3.200000000000000000e+01 4.195987654320987303e-01 3.402501330000000053e+02
3.200000000000000000e+01 4.244753086419752464e-01 3.193605886000000282e+02
3.200000000000000000e+01 4.293518518518518179e-01 3.429191238000000226e+02
3.200000000000000000e+01 4.342283950617283339e-01 3.550603783999999905e+02
3.200000000000000000e+01 4.391049382716049054e-01 2.265977665999999999e+02
3.200000000000000000e+01 4.439814814814814214e-01 1.420780661999999950e+02
3.200000000000000000e+01 4.000925925925925553e-01 1.372350031999999942e+02
3.200000000000000000e+01 4.049691358024690713e-01 1.554749735999999984e+02
3.200000000000000000e+01 4.098456790123456428e-01 2.208142665000000022e+02
3.200000000000000000e+01 4.147222222222221588e-01 2.492748004999999978e+02
3.200000000000000000e+01 4.195987654320987303e-01 3.077216556000000196e+02
3.200000000000000000e+01 4.244753086419752464e-01 3.787666712999999845e+02
3.200000000000000000e+01 4.293518518518518179e-01 3.830694583000000080e+02
3.200000000000000000e+01 4.342283950617283339e-01 4.047196099000000231e+02
3.200000000000000000e+01 4.391049382716049054e-01 3.033509913999999981e+02
3.200000000000000000e+01 4.439814814814814214e-01 2.095729072999999971e+02
4.800000000000000000e+01 4.099999999999999756e-01 2.138159494999999879e+02
4.800000000000000000e+01 4.144444444444444486e-01 2.599259470000000078e+02
4.800000000000000000e+01 4.188888888888888662e-01 3.222730515999999739e+02
4.800000000000000000e+01 4.233333333333333393e-01 3.680934953999999948e+02
4.800000000000000000e+01 4.277777777777777568e-01 6.324233808000000181e+02
4.800000000000000000e+01 4.322222222222222299e-01 6.125298350000000482e+02
4.800000000000000000e+01 4.366666666666666474e-01 5.732303686000000198e+02
4.800000000000000000e+01 4.411111111111111205e-01 5.842945002999999815e+02
4.800000000000000000e+01 4.455555555555555935e-01 4.030251514000000270e+02
4.800000000000000000e+01 4.500000000000000111e-01 3.226892091999999934e+02
4.800000000000000000e+01 4.111111111111110383e-01 2.896411514999999781e+02
4.800000000000000000e+01 4.162962962962962199e-01 3.021690909999999803e+02
4.800000000000000000e+01 4.214814814814814015e-01 3.722207520000000045e+02
4.800000000000000000e+01 4.266666666666666385e-01 6.280327505000000201e+02
4.800000000000000000e+01 4.318518518518518201e-01 5.441479941999999710e+02
4.800000000000000000e+01 4.370370370370370017e-01 5.195525609000000031e+02
4.800000000000000000e+01 4.422222222222221832e-01 6.032845115999999734e+02
4.800000000000000000e+01 4.474074074074073648e-01 3.940831458999999768e+02
4.800000000000000000e+01 4.525925925925926019e-01 3.139187403000000245e+02
4.800000000000000000e+01 4.577777777777777835e-01 1.273119056999999970e+02
4.800000000000000000e+01 4.111111111111110383e-01 2.844083153000000266e+02
4.800000000000000000e+01 4.162962962962962199e-01 3.535111438000000135e+02
4.800000000000000000e+01 4.214814814814814015e-01 4.007125196000000074e+02
4.800000000000000000e+01 4.266666666666666385e-01 4.940651196000000027e+02
4.800000000000000000e+01 4.318518518518518201e-01 5.169896916000000147e+02
4.800000000000000000e+01 4.370370370370370017e-01 7.154722206000000142e+02
4.800000000000000000e+01 4.422222222222221832e-01 5.726142452999999932e+02
4.800000000000000000e+01 4.474074074074073648e-01 3.479933990000000108e+02
4.800000000000000000e+01 4.525925925925926019e-01 2.411615667000000087e+02
4.800000000000000000e+01 4.577777777777777835e-01 2.196658250000000123e+02
4.800000000000000000e+01 4.149999999999999245e-01 2.672280177000000094e+02
4.800000000000000000e+01 4.193209876543209091e-01 3.304570572999999740e+02
4.800000000000000000e+01 4.236419753086418938e-01 5.519722636000000193e+02
4.800000000000000000e+01 4.279629629629629339e-01 4.810689479000000119e+02
4.800000000000000000e+01 4.322839506172839186e-01 5.653401400000000194e+02
4.800000000000000000e+01 4.366049382716049032e-01 7.572937480000000505e+02
4.800000000000000000e+01 4.409259259259258878e-01 5.567898986999999806e+02
4.800000000000000000e+01 4.452469135802469280e-01 3.767120165000000043e+02
4.800000000000000000e+01 4.495679012345679126e-01 3.315058695999999827e+02
4.800000000000000000e+01 4.538888888888888973e-01 1.767998115999999982e+02
4.800000000000000000e+01 4.149999999999999245e-01 2.801360470999999848e+02
4.800000000000000000e+01 4.193209876543209091e-01 4.607810352999999850e+02
4.800000000000000000e+01 4.236419753086418938e-01 5.533737565000000131e+02
4.800000000000000000e+01 4.279629629629629339e-01 5.247684020000000373e+02
4.800000000000000000e+01 4.322839506172839186e-01 5.184634783000000198e+02
4.800000000000000000e+01 4.366049382716049032e-01 5.479587245000000166e+02
4.800000000000000000e+01 4.409259259259258878e-01 4.916543995000000109e+02
4.800000000000000000e+01 4.452469135802469280e-01 5.502934900999999854e+02
4.800000000000000000e+01 4.495679012345679126e-01 3.783839055999999914e+02
4.800000000000000000e+01 4.538888888888888973e-01 1.936838976999999886e+02
6.400000000000000000e+01 4.099999999999999756e-01 3.626440433000000212e+02
6.400000000000000000e+01 4.144444444444444486e-01 3.863999951000000124e+02
6.400000000000000000e+01 4.188888888888888662e-01 5.584435506999999461e+02
6.400000000000000000e+01 4.233333333333333393e-01 7.764629416000000219e+02
6.400000000000000000e+01 4.277777777777777568e-01 1.055405258999999887e+03
6.400000000000000000e+01 4.322222222222222299e-01 1.396234733999999889e+03
6.400000000000000000e+01 4.366666666666666474e-01 1.585014159000000063e+03
6.400000000000000000e+01 4.411111111111111205e-01 7.803148022999999966e+02
6.400000000000000000e+01 4.455555555555555935e-01 3.272668242999999961e+02
6.400000000000000000e+01 4.500000000000000111e-01 1.481640477999999916e+02
6.400000000000000000e+01 4.255555555555555203e-01 1.054899758999999904e+03
6.400000000000000000e+01 4.270370370370369928e-01 1.099563844000000017e+03
6.400000000000000000e+01 4.285185185185184653e-01 1.416989612999999963e+03
6.400000000000000000e+01 4.299999999999999378e-01 1.754098989000000074e+03
6.400000000000000000e+01 4.314814814814814103e-01 1.797396420999999918e+03
6.400000000000000000e+01 4.329629629629629384e-01 1.462995570999999927e+03
6.400000000000000000e+01 4.344444444444444109e-01 1.615519960000000083e+03
6.400000000000000000e+01 4.359259259259258834e-01 1.516586727000000110e+03
6.400000000000000000e+01 4.374074074074073559e-01 1.334858240000000023e+03
6.400000000000000000e+01 4.388888888888888284e-01 1.201417466000000104e+03
6.400000000000000000e+01 4.222222222222221655e-01 7.256094739000000118e+02
6.400000000000000000e+01 4.244444444444444020e-01 8.451036534999999503e+02
6.400000000000000000e+01 4.266666666666666385e-01 9.934910721999999623e+02
6.400000000000000000e+01 4.288888888888888196e-01 1.159446541999999909e+03
6.400000000000000000e+01 4.311111111111110561e-01 2.986351263000000017e+03
6.400000000000000000e+01 4.333333333333332926e-01 1.634940843000000086e+03
6.400000000000000000e+01 4.355555555555555292e-01 1.708941585999999916e+03
6.400000000000000000e+01 4.377777777777777102e-01 1.437779070999999931e+03
6.400000000000000000e+01 4.399999999999999467e-01 9.341982252000000244e+02
6.400000000000000000e+01 4.422222222222221832e-01 5.947211889999999812e+02
6.400000000000000000e+01 4.283333333333332327e-01 1.831513627000000042e+03
6.400000000000000000e+01 4.294444444444443509e-01 1.344571580000000040e+03
6.400000000000000000e+01 4.305555555555554692e-01 1.339539825999999948e+03
6.400000000000000000e+01 4.316666666666665875e-01 1.595733786000000009e+03
6.400000000000000000e+01 4.327777777777777057e-01 2.080792307000000164e+03
6.400000000000000000e+01 4.338888888888888795e-01 1.597799191999999948e+03
6.400000000000000000e+01 4.349999999999999978e-01 1.716139656999999943e+03
6.400000000000000000e+01 4.361111111111111160e-01 1.872242030999999997e+03
6.400000000000000000e+01 4.372222222222222343e-01 1.567112309000000096e+03
6.400000000000000000e+01 4.383333333333333526e-01 1.163890783000000056e+03
6.400000000000000000e+01 4.261111111111109406e-01 8.301637200000000121e+02
6.400000000000000000e+01 4.275925925925924687e-01 1.626048819999999978e+03
6.400000000000000000e+01 4.290740740740739412e-01 1.207997466999999915e+03
6.400000000000000000e+01 4.305555555555554692e-01 1.284115317000000005e+03
6.400000000000000000e+01 4.320370370370369417e-01 1.392538814000000002e+03
6.400000000000000000e+01 4.335185185185184698e-01 1.915802748000000065e+03
6.400000000000000000e+01 4.349999999999999423e-01 1.695645757000000003e+03
6.400000000000000000e+01 4.364814814814814703e-01 1.570919664999999895e+03
6.400000000000000000e+01 4.379629629629629428e-01 1.272037311999999929e+03
6.400000000000000000e+01 4.394444444444444708e-01 1.178070711999999958e+03
8.000000000000000000e+01 4.099999999999999756e-01 5.834290581000000202e+02
8.000000000000000000e+01 4.144444444444444486e-01 5.644402764000000161e+02
8.000000000000000000e+01 4.188888888888888662e-01 7.284345396999999593e+02
8.000000000000000000e+01 4.233333333333333393e-01 6.596486025000000382e+02
8.000000000000000000e+01 4.277777777777777568e-01 1.333446938000000046e+03
8.000000000000000000e+01 4.322222222222222299e-01 1.368486628000000110e+03
8.000000000000000000e+01 4.366666666666666474e-01 1.670281633999999940e+03
8.000000000000000000e+01 4.411111111111111205e-01 1.604725357000000031e+03
8.000000000000000000e+01 4.455555555555555935e-01 1.419452093999999988e+03
8.000000000000000000e+01 4.500000000000000111e-01 5.191195258999999851e+02
8.000000000000000000e+01 4.233333333333332837e-01 8.542540492000000540e+02
8.000000000000000000e+01 4.262962962962962288e-01 1.069514415999999983e+03
8.000000000000000000e+01 4.292592592592592293e-01 1.607450929999999971e+03
8.000000000000000000e+01 4.322222222222221744e-01 1.132035262999999986e+03
8.000000000000000000e+01 4.351851851851851749e-01 1.849321607000000085e+03
8.000000000000000000e+01 4.381481481481481199e-01 1.786220951999999897e+03
8.000000000000000000e+01 4.411111111111111205e-01 1.737437811999999894e+03
8.000000000000000000e+01 4.440740740740740655e-01 1.306632485000000088e+03
8.000000000000000000e+01 4.470370370370370661e-01 1.105611366999999973e+03
8.000000000000000000e+01 4.500000000000000111e-01 6.024965089999999464e+02
8.000000000000000000e+01 4.211111111111109917e-01 7.109125698999999940e+02
8.000000000000000000e+01 4.245679012345677794e-01 7.360105796999999939e+02
8.000000000000000000e+01 4.280246913580246226e-01 1.078604213999999956e+03
8.000000000000000000e+01 4.314814814814814103e-01 1.344292554000000109e+03
8.000000000000000000e+01 4.349382716049382536e-01 1.761533486000000039e+03
8.000000000000000000e+01 4.383950617283950413e-01 1.833740682999999990e+03
8.000000000000000000e+01 4.418518518518518845e-01 2.069838330000000042e+03
8.000000000000000000e+01 4.453086419753086722e-01 1.499795748000000003e+03
8.000000000000000000e+01 4.487654320987655154e-01 7.755322197000000415e+02
8.000000000000000000e+01 4.522222222222223031e-01 3.922934748999999783e+02
8.000000000000000000e+01 4.211111111111109917e-01 6.504018839999999955e+02
8.000000000000000000e+01 4.245679012345677794e-01 7.986364564000000428e+02
8.000000000000000000e+01 4.280246913580246226e-01 9.658679061999999931e+02
8.000000000000000000e+01 4.314814814814814103e-01 1.623419849000000113e+03
8.000000000000000000e+01 4.349382716049382536e-01 1.638168994000000112e+03
8.000000000000000000e+01 4.383950617283950413e-01 1.753063484000000017e+03
8.000000000000000000e+01 4.418518518518518845e-01 2.274442164999999932e+03
8.000000000000000000e+01 4.453086419753086722e-01 1.133370787999999948e+03
8.000000000000000000e+01 4.487654320987655154e-01 7.441083392000000458e+02
8.000000000000000000e+01 4.522222222222223031e-01 4.762293561999999838e+02
8.000000000000000000e+01 4.233333333333332837e-01 7.024422329999999874e+02
8.000000000000000000e+01 4.262962962962962288e-01 8.556519789999999830e+02
8.000000000000000000e+01 4.292592592592592293e-01 1.175545701999999892e+03
8.000000000000000000e+01 4.322222222222221744e-01 1.314266515000000027e+03
8.000000000000000000e+01 4.351851851851851749e-01 2.460756592000000182e+03
8.000000000000000000e+01 4.381481481481481199e-01 2.639312753000000157e+03
8.000000000000000000e+01 4.411111111111111205e-01 1.968650141000000076e+03
8.000000000000000000e+01 4.440740740740740655e-01 1.503341032999999925e+03
8.000000000000000000e+01 4.470370370370370661e-01 9.811790544000000409e+02
8.000000000000000000e+01 4.500000000000000111e-01 5.617657530000000179e+02
9.600000000000000000e+01 4.099999999999999756e-01 5.647980373999999983e+02
9.600000000000000000e+01 4.144444444444444486e-01 6.265862085999999636e+02
9.600000000000000000e+01 4.188888888888888662e-01 6.843312379000000192e+02
9.600000000000000000e+01 4.233333333333333393e-01 9.195904124999999567e+02
9.600000000000000000e+01 4.277777777777777568e-01 1.626737824999999930e+03
9.600000000000000000e+01 4.322222222222222299e-01 2.448530143999999837e+03
9.600000000000000000e+01 4.366666666666666474e-01 3.569063044999999875e+03
9.600000000000000000e+01 4.411111111111111205e-01 1.512964132000000063e+03
9.600000000000000000e+01 4.455555555555555935e-01 6.408125648999999839e+02
9.600000000000000000e+01 4.500000000000000111e-01 2.223660334999999861e+02
9.600000000000000000e+01 4.311111111111110561e-01 1.895296311000000060e+03
9.600000000000000000e+01 4.318518518518518201e-01 1.941106581000000006e+03
9.600000000000000000e+01 4.325925925925925286e-01 2.071640283000000181e+03
9.600000000000000000e+01 4.333333333333332926e-01 2.204188908000000083e+03
9.600000000000000000e+01 4.340740740740740566e-01 2.978607409000000189e+03
9.600000000000000000e+01 4.348148148148147651e-01 2.310175932999999986e+03
9.600000000000000000e+01 4.355555555555555292e-01 3.177757818000000043e+03
9.600000000000000000e+01 4.362962962962962932e-01 3.597479193000000123e+03
9.600000000000000000e+01 4.370370370370370017e-01 2.880320667999999841e+03
9.600000000000000000e+01 4.377777777777777657e-01 2.571619996999999785e+03
9.600000000000000000e+01 4.294444444444444065e-01 1.513781210999999985e+03
9.600000000000000000e+01 4.305555555555555247e-01 1.611679814999999962e+03
9.600000000000000000e+01 4.316666666666666430e-01 2.430932257999999820e+03
9.600000000000000000e+01 4.327777777777777612e-01 2.173124706999999944e+03
9.600000000000000000e+01 4.338888888888888795e-01 2.302561721999999918e+03
9.600000000000000000e+01 4.349999999999999423e-01 3.032103924000000006e+03
9.600000000000000000e+01 4.361111111111110605e-01 2.693889700000000175e+03
9.600000000000000000e+01 4.372222222222221788e-01 2.382271454000000176e+03
9.600000000000000000e+01 4.383333333333332971e-01 2.527194755999999870e+03
9.600000000000000000e+01 4.394444444444444153e-01 2.314819685999999820e+03
9.600000000000000000e+01 4.290277777777777302e-01 1.479022545000000036e+03
9.600000000000000000e+01 4.304166666666666141e-01 2.461813982000000124e+03
9.600000000000000000e+01 4.318055555555554981e-01 2.449744435000000067e+03
9.600000000000000000e+01 4.331944444444444375e-01 3.125439167999999881e+03
9.600000000000000000e+01 4.345833333333333215e-01 2.775321469999999863e+03
9.600000000000000000e+01 4.359722222222222054e-01 3.229278186999999889e+03
9.600000000000000000e+01 4.373611111111110894e-01 3.962083702999999787e+03
9.600000000000000000e+01 4.387500000000000289e-01 2.480791013000000021e+03
9.600000000000000000e+01 4.401388888888889128e-01 3.342906289000000015e+03
9.600000000000000000e+01 4.415277777777777968e-01 2.066224067000000105e+03
9.600000000000000000e+01 4.276388888888887907e-01 1.496318580000000111e+03
9.600000000000000000e+01 4.294907407407406730e-01 1.752801177999999936e+03
9.600000000000000000e+01 4.313425925925925553e-01 1.819997411999999940e+03
9.600000000000000000e+01 4.331944444444443820e-01 2.253344604999999774e+03
9.600000000000000000e+01 4.350462962962962643e-01 2.796564647000000150e+03
9.600000000000000000e+01 4.368981481481481466e-01 3.925736579999999776e+03
9.600000000000000000e+01 4.387500000000000289e-01 2.392629460000000108e+03
9.600000000000000000e+01 4.406018518518518556e-01 2.822338823999999931e+03
9.600000000000000000e+01 4.424537037037037379e-01 1.194698840000000018e+03
9.600000000000000000e+01 4.443055555555556202e-01 7.398264818999999761e+02
1.120000000000000000e+02 4.099999999999999756e-01 6.980898249000000533e+02
1.120000000000000000e+02 4.144444444444444486e-01 1.030277489000000060e+03
1.120000000000000000e+02 4.188888888888888662e-01 8.648283973000000060e+02
1.120000000000000000e+02 4.233333333333333393e-01 1.409251917000000049e+03
1.120000000000000000e+02 4.277777777777777568e-01 1.794306606000000102e+03
1.120000000000000000e+02 4.322222222222222299e-01 2.337175098000000162e+03
1.120000000000000000e+02 4.366666666666666474e-01 3.463199157999999898e+03
1.120000000000000000e+02 4.411111111111111205e-01 3.436179113000000143e+03
1.120000000000000000e+02 4.455555555555555935e-01 1.778776344999999992e+03
1.120000000000000000e+02 4.500000000000000111e-01 4.806448758000000225e+02
1.120000000000000000e+02 4.233333333333332837e-01 1.155944608999999900e+03
1.120000000000000000e+02 4.262962962962962288e-01 1.305779164999999921e+03
1.120000000000000000e+02 4.292592592592592293e-01 2.370477281999999832e+03
1.120000000000000000e+02 4.322222222222221744e-01 1.850578113000000030e+03
1.120000000000000000e+02 4.351851851851851749e-01 3.329797959999999875e+03
1.120000000000000000e+02 4.381481481481481199e-01 4.161108546999999817e+03
1.120000000000000000e+02 4.411111111111111205e-01 2.878352824000000055e+03
1.120000000000000000e+02 4.440740740740740655e-01 2.012757025000000112e+03
1.120000000000000000e+02 4.470370370370370661e-01 1.292312077999999929e+03
1.120000000000000000e+02 4.500000000000000111e-01 5.444291154999999662e+02
1.120000000000000000e+02 4.262962962962962843e-01 2.109753388000000086e+03
1.120000000000000000e+02 4.282716049382715995e-01 1.668449121999999988e+03
1.120000000000000000e+02 4.302469135802469147e-01 2.373474564000000100e+03
1.120000000000000000e+02 4.322222222222222299e-01 1.981479902999999922e+03
1.120000000000000000e+02 4.341975308641975451e-01 3.137257705999999871e+03
1.120000000000000000e+02 4.361728395061728047e-01 3.252189174999999977e+03
1.120000000000000000e+02 4.381481481481481199e-01 3.338586772999999994e+03
1.120000000000000000e+02 4.401234567901234351e-01 3.580046504999999797e+03
1.120000000000000000e+02 4.420987654320987503e-01 3.919252480000000105e+03
1.120000000000000000e+02 4.440740740740740655e-01 1.835832916000000068e+03
1.120000000000000000e+02 4.223456790123457094e-01 1.683418854999999894e+03
1.120000000000000000e+02 4.249794238683127778e-01 1.008478762999999958e+03
1.120000000000000000e+02 4.276131687242798463e-01 1.229554092000000082e+03
1.120000000000000000e+02 4.302469135802469147e-01 1.778198444999999992e+03
1.120000000000000000e+02 4.328806584362139831e-01 2.534729183999999805e+03
1.120000000000000000e+02 4.355144032921811070e-01 2.870719755000000077e+03
1.120000000000000000e+02 4.381481481481481755e-01 4.694450877999999648e+03
1.120000000000000000e+02 4.407818930041152439e-01 3.071698460000000068e+03
1.120000000000000000e+02 4.434156378600823123e-01 2.326533046999999897e+03
1.120000000000000000e+02 4.460493827160493807e-01 1.471096665000000030e+03
1.120000000000000000e+02 4.260493827160493074e-01 1.262751283000000058e+03
1.120000000000000000e+02 4.281893004115225887e-01 1.272722269999999980e+03
1.120000000000000000e+02 4.303292181069958144e-01 2.662138406999999916e+03
1.120000000000000000e+02 4.324691358024690957e-01 2.365960211000000072e+03
1.120000000000000000e+02 4.346090534979423214e-01 2.783633920000000217e+03
1.120000000000000000e+02 4.367489711934156027e-01 3.671351310000000012e+03
1.120000000000000000e+02 4.388888888888888284e-01 4.321109365000000253e+03
1.120000000000000000e+02 4.410288065843621097e-01 3.745328067999999803e+03
1.120000000000000000e+02 4.431687242798353354e-01 2.702289630000000216e+03
1.120000000000000000e+02 4.453086419753086167e-01 1.777713046999999960e+03
1.280000000000000000e+02 4.099999999999999756e-01 9.236013226999999688e+02
1.280000000000000000e+02 4.144444444444444486e-01 9.046000823000000537e+02
1.280000000000000000e+02 4.188888888888888662e-01 1.093651356999999962e+03
1.280000000000000000e+02 4.233333333333333393e-01 1.283491328000000067e+03
1.280000000000000000e+02 4.277777777777777568e-01 1.629676318000000038e+03
1.280000000000000000e+02 4.322222222222222299e-01 3.352948648000000048e+03
1.280000000000000000e+02 4.366666666666666474e-01 7.954281694999999672e+03
1.280000000000000000e+02 4.411111111111111205e-01 3.096603340000000117e+03
1.280000000000000000e+02 4.455555555555555935e-01 5.082412143000000242e+02
1.280000000000000000e+02 4.500000000000000111e-01 1.118828807000000012e+02
1.280000000000000000e+02 4.333333333333332926e-01 4.688215358999999808e+03
1.280000000000000000e+02 4.340740740740740566e-01 5.162002707999999984e+03
1.280000000000000000e+02 4.348148148148147651e-01 6.189468123999999989e+03
1.280000000000000000e+02 4.355555555555555292e-01 5.833183425999999599e+03
1.280000000000000000e+02 4.362962962962962932e-01 6.629785179000000426e+03
1.280000000000000000e+02 4.370370370370370017e-01 6.624873120999999628e+03
1.280000000000000000e+02 4.377777777777777657e-01 8.157166978999999628e+03
1.280000000000000000e+02 4.385185185185185297e-01 6.734853060000000369e+03
1.280000000000000000e+02 4.392592592592592382e-01 6.519781466000000364e+03
1.280000000000000000e+02 4.400000000000000022e-01 5.235190179000000171e+03
1.280000000000000000e+02 4.316666666666666430e-01 3.169902771999999914e+03
1.280000000000000000e+02 4.327777777777777612e-01 4.606454303000000436e+03
1.280000000000000000e+02 4.338888888888888795e-01 5.307458179999999629e+03
1.280000000000000000e+02 4.349999999999999978e-01 9.369211993999999322e+03
1.280000000000000000e+02 4.361111111111111160e-01 7.882365706999999929e+03
1.280000000000000000e+02 4.372222222222221788e-01 7.878736485999999786e+03
1.280000000000000000e+02 4.383333333333332971e-01 6.607555801000000429e+03
1.280000000000000000e+02 4.394444444444444153e-01 5.645164201999999932e+03
1.280000000000000000e+02 4.405555555555555336e-01 4.060358819000000040e+03
1.280000000000000000e+02 4.416666666666666519e-01 2.714772555999999895e+03
1.280000000000000000e+02 4.316666666666666430e-01 3.440224035000000185e+03
1.280000000000000000e+02 4.327777777777777612e-01 3.809384426000000076e+03
1.280000000000000000e+02 4.338888888888888795e-01 4.716870743999999831e+03
1.280000000000000000e+02 4.349999999999999978e-01 5.470331417999999758e+03
1.280000000000000000e+02 4.361111111111111160e-01 8.014289810000000216e+03
1.280000000000000000e+02 4.372222222222221788e-01 9.638481358999999429e+03
1.280000000000000000e+02 4.383333333333332971e-01 7.963896031000000221e+03
1.280000000000000000e+02 4.394444444444444153e-01 6.770182893999999578e+03
1.280000000000000000e+02 4.405555555555555336e-01 5.451525711999999658e+03
1.280000000000000000e+02 4.416666666666666519e-01 2.702987858999999844e+03
1.280000000000000000e+02 4.322222222222221744e-01 3.889827263000000130e+03
1.280000000000000000e+02 4.333333333333332926e-01 4.856802227000000130e+03
1.280000000000000000e+02 4.344444444444444109e-01 4.975149304999999913e+03
1.280000000000000000e+02 4.355555555555555292e-01 6.047130970000000161e+03
1.280000000000000000e+02 4.366666666666666474e-01 7.976802760999999919e+03
1.280000000000000000e+02 4.377777777777777102e-01 7.676997835000000123e+03
1.280000000000000000e+02 4.388888888888888284e-01 6.144417570999999953e+03
1.280000000000000000e+02 4.399999999999999467e-01 5.361071638000000348e+03
1.280000000000000000e+02 4.411111111111110650e-01 3.241712946000000102e+03
1.280000000000000000e+02 4.422222222222221832e-01 2.680352798999999777e+03
1.440000000000000000e+02 4.099999999999999756e-01 1.044782701000000088e+03
1.440000000000000000e+02 4.144444444444444486e-01 1.589396668000000091e+03
1.440000000000000000e+02 4.188888888888888662e-01 1.108180726999999933e+03
1.440000000000000000e+02 4.233333333333333393e-01 1.661772496999999930e+03
1.440000000000000000e+02 4.277777777777777568e-01 1.861664309999999887e+03
1.440000000000000000e+02 4.322222222222222299e-01 3.435164067000000159e+03
1.440000000000000000e+02 4.366666666666666474e-01 7.651015104000000065e+03
1.440000000000000000e+02 4.411111111111111205e-01 4.166889148999999634e+03
1.440000000000000000e+02 4.455555555555555935e-01 6.534950721999999814e+02
1.440000000000000000e+02 4.500000000000000111e-01 1.896067027999999937e+02
1.440000000000000000e+02 4.355555555555555292e-01 5.621107799999999770e+03
1.440000000000000000e+02 4.362962962962962932e-01 7.646612278999999944e+03
1.440000000000000000e+02 4.370370370370370017e-01 6.366222329000000173e+03
1.440000000000000000e+02 4.377777777777777657e-01 5.942592230000000200e+03
1.440000000000000000e+02 4.385185185185185297e-01 6.848135538000000452e+03
1.440000000000000000e+02 4.392592592592592382e-01 5.904117481999999654e+03
1.440000000000000000e+02 4.400000000000000022e-01 5.860476494999999886e+03
1.440000000000000000e+02 4.407407407407407662e-01 5.394879335999999967e+03
1.440000000000000000e+02 4.414814814814814747e-01 4.557151270999999724e+03
1.440000000000000000e+02 4.422222222222222388e-01 4.113116885999999795e+03
1.440000000000000000e+02 4.338888888888888795e-01 4.940324446999999964e+03
1.440000000000000000e+02 4.349999999999999978e-01 5.093963238000000274e+03
1.440000000000000000e+02 4.361111111111111160e-01 5.635250012999999853e+03
1.440000000000000000e+02 4.372222222222222343e-01 7.331565800999999738e+03
1.440000000000000000e+02 4.383333333333333526e-01 6.697813938000000235e+03
1.440000000000000000e+02 4.394444444444444153e-01 5.908670973000000231e+03
1.440000000000000000e+02 4.405555555555555336e-01 5.157093952999999601e+03
1.440000000000000000e+02 4.416666666666666519e-01 3.217815219000000070e+03
1.440000000000000000e+02 4.427777777777777701e-01 1.934894436999999925e+03
1.440000000000000000e+02 4.438888888888888884e-01 1.218115980000000036e+03
1.440000000000000000e+02 4.318055555555554981e-01 3.291675314000000071e+03
1.440000000000000000e+02 4.331944444444443820e-01 5.468573897999999645e+03
1.440000000000000000e+02 4.345833333333332660e-01 5.748894460999999865e+03
1.440000000000000000e+02 4.359722222222222054e-01 6.701183090000000448e+03
1.440000000000000000e+02 4.373611111111110894e-01 7.932339222999999947e+03
1.440000000000000000e+02 4.387499999999999734e-01 5.678438812000000325e+03
1.440000000000000000e+02 4.401388888888888573e-01 6.110291930999999749e+03
1.440000000000000000e+02 4.415277777777777968e-01 3.218812950999999885e+03
1.440000000000000000e+02 4.429166666666666807e-01 2.021865931000000046e+03
1.440000000000000000e+02 4.443055555555555647e-01 1.072028182000000015e+03
1.440000000000000000e+02 4.309374999999999178e-01 3.023694175000000087e+03
1.440000000000000000e+02 4.324421296296295791e-01 3.935424538000000211e+03
1.440000000000000000e+02 4.339467592592591849e-01 5.104902785999999651e+03
1.440000000000000000e+02 4.354513888888888462e-01 6.140242612000000008e+03
1.440000000000000000e+02 4.369560185185185075e-01 6.729374184999999670e+03
1.440000000000000000e+02 4.384606481481481133e-01 8.686827851000000010e+03
1.440000000000000000e+02 4.399652777777777746e-01 5.742638554000000113e+03
1.440000000000000000e+02 4.414699074074074359e-01 4.105639071999999942e+03
1.440000000000000000e+02 4.429745370370370416e-01 2.054542605999999978e+03
1.440000000000000000e+02 4.444791666666667029e-01 1.351367807000000084e+03
1.600000000000000000e+02 4.099999999999999756e-01 1.205676985000000059e+03
1.600000000000000000e+02 4.144444444444444486e-01 1.374584824999999910e+03
1.600000000000000000e+02 4.188888888888888662e-01 1.446064255999999887e+03
1.600000000000000000e+02 4.233333333333333393e-01 1.972523187000000007e+03
1.600000000000000000e+02 4.277777777777777568e-01 2.398357137999999850e+03
1.600000000000000000e+02 4.322222222222222299e-01 3.032262322999999924e+03
1.600000000000000000e+02 4.366666666666666474e-01 6.676867167999999765e+03
1.600000000000000000e+02 4.411111111111111205e-01 4.693820469000000230e+03
1.600000000000000000e+02 4.455555555555555935e-01 9.207626795999999558e+02
1.600000000000000000e+02 4.500000000000000111e-01 3.279550790000000120e+02
1.600000000000000000e+02 4.355555555555555292e-01 5.582160992000000078e+03
1.600000000000000000e+02 4.362962962962962932e-01 6.763867409000000407e+03
1.600000000000000000e+02 4.370370370370370017e-01 7.421797647000000325e+03
1.600000000000000000e+02 4.377777777777777657e-01 9.841647719000000507e+03
1.600000000000000000e+02 4.385185185185185297e-01 8.620202406000000337e+03
1.600000000000000000e+02 4.392592592592592382e-01 6.567187111000000186e+03
1.600000000000000000e+02 4.400000000000000022e-01 5.903486092000000099e+03
1.600000000000000000e+02 4.407407407407407662e-01 5.289965632999999798e+03
1.600000000000000000e+02 4.414814814814814747e-01 4.299194405999999617e+03
1.600000000000000000e+02 4.422222222222222388e-01 4.375257176000000072e+03
1.600000000000000000e+02 4.342592592592592338e-01 6.757748937999999725e+03
1.600000000000000000e+02 4.351234567901234307e-01 5.494188847000000351e+03
1.600000000000000000e+02 4.359876543209876276e-01 9.390844769999999698e+03
1.600000000000000000e+02 4.368518518518518801e-01 7.340548773000000438e+03
1.600000000000000000e+02 4.377160493827160770e-01 8.873944618999999875e+03
1.600000000000000000e+02 4.385802469135802739e-01 8.760541014000000359e+03
1.600000000000000000e+02 4.394444444444444708e-01 7.790881177000000207e+03
1.600000000000000000e+02 4.403086419753087233e-01 6.155018092999999681e+03
1.600000000000000000e+02 4.411728395061729202e-01 3.929259262999999919e+03
1.600000000000000000e+02 4.420370370370371171e-01 3.046887554999999793e+03
1.600000000000000000e+02 4.326388888888888506e-01 3.821317572999999811e+03
1.600000000000000000e+02 4.337191358024691246e-01 3.993736711999999898e+03
1.600000000000000000e+02 4.347993827160493430e-01 6.668795258000000103e+03
1.600000000000000000e+02 4.358796296296296169e-01 6.020050796999999875e+03
1.600000000000000000e+02 4.369598765432098908e-01 7.796135645999999724e+03
1.600000000000000000e+02 4.380401234567901092e-01 8.827271012999999584e+03
1.600000000000000000e+02 4.391203703703703831e-01 7.317989571000000069e+03
1.600000000000000000e+02 4.402006172839506570e-01 5.688803038000000015e+03
1.600000000000000000e+02 4.412808641975308754e-01 5.955911576000000423e+03
1.600000000000000000e+02 4.423611111111111494e-01 3.130468488999999863e+03
1.600000000000000000e+02 4.325038580246913233e-01 3.236294331999999940e+03
1.600000000000000000e+02 4.336741255144032636e-01 4.209307985999999801e+03
1.600000000000000000e+02 4.348443930041152039e-01 5.538739494999999806e+03
1.600000000000000000e+02 4.360146604938271442e-01 1.067613640999999916e+04
1.600000000000000000e+02 4.371849279835390845e-01 7.830633071999999629e+03
1.600000000000000000e+02 4.383551954732510247e-01 8.342208796999999322e+03
1.600000000000000000e+02 4.395254629629629650e-01 6.260852071999999680e+03
1.600000000000000000e+02 4.406957304526749053e-01 6.154321076999999605e+03
1.600000000000000000e+02 4.418659979423868456e-01 4.613143927000000076e+03
1.600000000000000000e+02 4.430362654320987859e-01 2.340417206999999962e+03
