3.200000000000000000e+01 4.099999999999999756e-01 2.600042981999999938e+02
3.200000000000000000e+01 4.144444444444444486e-01 2.233377762000000075e+02
3.200000000000000000e+01 4.188888888888888662e-01 2.404247405000000128e+02
3.200000000000000000e+01 4.233333333333333393e-01 3.511877190000000155e+02
3.200000000000000000e+01 4.277777777777777568e-01 3.189194041999999740e+02
3.200000000000000000e+01 4.322222222222222299e-01 3.261435306999999852e+02
3.200000000000000000e+01 4.366666666666666474e-01 2.867654618999999911e+02
3.200000000000000000e+01 4.411111111111111205e-01 2.298216478999999879e+02
3.200000000000000000e+01 4.455555555555555935e-01 1.395856024999999931e+02
3.200000000000000000e+01 4.500000000000000111e-01 9.591513926999999740e+01
3.200000000000000000e+01 4.068888888888889110e-01 2.400621687000000009e+02
3.200000000000000000e+01 4.110370370370370341e-01 2.611409027000000265e+02
3.200000000000000000e+01 4.151851851851852127e-01 2.924417326999999887e+02
3.200000000000000000e+01 4.193333333333333357e-01 3.163774242000000072e+02
3.200000000000000000e+01 4.234814814814815143e-01 3.250644924999999716e+02
3.200000000000000000e+01 4.276296296296296373e-01 5.616767135000000053e+02
3.200000000000000000e+01 4.317777777777778159e-01 4.257938705999999911e+02
3.200000000000000000e+01 4.359259259259259389e-01 2.739073778999999718e+02
3.200000000000000000e+01 4.400740740740740620e-01 1.795332631999999933e+02
3.200000000000000000e+01 4.442222222222222405e-01 2.137864548999999954e+02
3.200000000000000000e+01 4.130370370370370914e-01 3.578753626000000168e+02
3.200000000000000000e+01 4.159012345679012901e-01 2.781625018999999952e+02
3.200000000000000000e+01 4.187654320987654888e-01 3.110145527999999899e+02
3.200000000000000000e+01 4.216296296296296320e-01 2.856405861999999729e+02
3.200000000000000000e+01 4.244938271604938307e-01 3.936703617000000008e+02
3.200000000000000000e+01 4.273580246913580294e-01 3.030765582000000222e+02
3.200000000000000000e+01 4.302222222222222281e-01 5.302382667000000538e+02
3.200000000000000000e+01 4.330864197530863713e-01 3.338962571999999795e+02
3.200000000000000000e+01 4.359506172839505700e-01 3.185539585999999872e+02
3.200000000000000000e+01 4.388148148148147687e-01 3.297946198000000209e+02
3.200000000000000000e+01 4.104592592592593014e-01 2.130543198999999959e+02
3.200000000000000000e+01 4.138962962962963177e-01 2.343295252000000062e+02
3.200000000000000000e+01 4.173333333333333339e-01 3.122667986000000155e+02
3.200000000000000000e+01 4.207703703703704057e-01 2.860792099000000235e+02
3.200000000000000000e+01 4.242074074074074219e-01 4.825349479999999858e+02
3.200000000000000000e+01 4.276444444444444382e-01 3.826871108000000277e+02
3.200000000000000000e+01 4.310814814814814544e-01 3.271693781999999828e+02
3.200000000000000000e+01 4.345185185185185262e-01 3.245064034999999762e+02
3.200000000000000000e+01 4.379555555555555424e-01 2.684363948999999820e+02
3.200000000000000000e+01 4.413925925925925586e-01 1.997997660999999994e+02
3.200000000000000000e+01 4.104592592592593014e-01 2.651200167999999735e+02
3.200000000000000000e+01 4.138962962962963177e-01 2.884153754000000163e+02
3.200000000000000000e+01 4.173333333333333339e-01 2.552986014999999895e+02
3.200000000000000000e+01 4.207703703703704057e-01 3.152796273999999812e+02
3.200000000000000000e+01 4.242074074074074219e-01 3.265156708000000094e+02
3.200000000000000000e+01 4.276444444444444382e-01 3.669447068000000058e+02
3.200000000000000000e+01 4.310814814814814544e-01 3.243137785999999778e+02
3.200000000000000000e+01 4.345185185185185262e-01 3.261911379000000011e+02
3.200000000000000000e+01 4.379555555555555424e-01 2.569060690000000022e+02
3.200000000000000000e+01 4.413925925925925586e-01 2.540371388000000081e+02
4.800000000000000000e+01 4.099999999999999756e-01 2.492115087999999901e+02
4.800000000000000000e+01 4.144444444444444486e-01 3.857179917000000273e+02
4.800000000000000000e+01 4.188888888888888662e-01 2.860915888000000109e+02
4.800000000000000000e+01 4.233333333333333393e-01 4.203885556999999835e+02
4.800000000000000000e+01 4.277777777777777568e-01 5.547641673000000537e+02
4.800000000000000000e+01 4.322222222222222299e-01 5.866012382000000116e+02
4.800000000000000000e+01 4.366666666666666474e-01 7.208468682999999828e+02
4.800000000000000000e+01 4.411111111111111205e-01 6.288178851000000122e+02
4.800000000000000000e+01 4.455555555555555935e-01 5.348852501999999731e+02
4.800000000000000000e+01 4.500000000000000111e-01 4.396930285000000254e+02
4.800000000000000000e+01 4.108888888888889146e-01 2.154564871000000039e+02
4.800000000000000000e+01 4.156296296296296267e-01 3.552642177000000174e+02
4.800000000000000000e+01 4.203703703703703942e-01 3.621795405999999957e+02
4.800000000000000000e+01 4.251111111111111063e-01 5.230516810000000305e+02
4.800000000000000000e+01 4.298518518518518738e-01 7.253691308999999592e+02
4.800000000000000000e+01 4.345925925925925859e-01 5.008640593999999737e+02
4.800000000000000000e+01 4.393333333333333535e-01 7.087313199999999824e+02
4.800000000000000000e+01 4.440740740740740655e-01 5.627657523000000310e+02
4.800000000000000000e+01 4.488148148148147776e-01 3.088166115999999874e+02
4.800000000000000000e+01 4.535555555555555451e-01 2.354069139000000064e+02
4.800000000000000000e+01 4.108888888888889146e-01 3.168470674000000145e+02
4.800000000000000000e+01 4.156296296296296267e-01 2.747970844000000170e+02
4.800000000000000000e+01 4.203703703703703942e-01 3.568487582000000202e+02
4.800000000000000000e+01 4.251111111111111063e-01 4.510922626000000264e+02
4.800000000000000000e+01 4.298518518518518738e-01 6.088987243999999919e+02
4.800000000000000000e+01 4.345925925925925859e-01 7.083629667000000154e+02
4.800000000000000000e+01 4.393333333333333535e-01 5.472084843999999748e+02
4.800000000000000000e+01 4.440740740740740655e-01 4.203308063999999717e+02
4.800000000000000000e+01 4.488148148148147776e-01 2.637880248999999822e+02
4.800000000000000000e+01 4.535555555555555451e-01 2.097204471000000012e+02
4.800000000000000000e+01 4.108888888888889146e-01 2.333669415999999899e+02
4.800000000000000000e+01 4.156296296296296267e-01 2.981162643000000116e+02
4.800000000000000000e+01 4.203703703703703942e-01 3.410302556999999979e+02
4.800000000000000000e+01 4.251111111111111063e-01 3.529668669000000136e+02
4.800000000000000000e+01 4.298518518518518738e-01 5.203941645999999537e+02
4.800000000000000000e+01 4.345925925925925859e-01 6.549669161000000486e+02
4.800000000000000000e+01 4.393333333333333535e-01 5.111920068000000015e+02
4.800000000000000000e+01 4.440740740740740655e-01 5.484409861999999976e+02
4.800000000000000000e+01 4.488148148148147776e-01 3.801615472999999952e+02
4.800000000000000000e+01 4.535555555555555451e-01 1.909228871999999910e+02
4.800000000000000000e+01 4.108888888888889146e-01 2.077916160000000048e+02
4.800000000000000000e+01 4.156296296296296267e-01 2.260419287999999938e+02
4.800000000000000000e+01 4.203703703703703942e-01 4.020618225000000052e+02
4.800000000000000000e+01 4.251111111111111063e-01 5.142863515000000234e+02
4.800000000000000000e+01 4.298518518518518738e-01 5.320559346000000005e+02
4.800000000000000000e+01 4.345925925925925859e-01 6.788235859000000119e+02
4.800000000000000000e+01 4.393333333333333535e-01 5.762466263000000026e+02
4.800000000000000000e+01 4.440740740740740655e-01 4.850164912000000186e+02
4.800000000000000000e+01 4.488148148148147776e-01 4.982138196000000221e+02
4.800000000000000000e+01 4.535555555555555451e-01 2.593578674999999976e+02
6.400000000000000000e+01 4.099999999999999756e-01 4.333042894000000160e+02
6.400000000000000000e+01 4.144444444444444486e-01 4.830008980000000065e+02
6.400000000000000000e+01 4.188888888888888662e-01 5.697430369999999584e+02
6.400000000000000000e+01 4.233333333333333393e-01 6.697657970000000205e+02
6.400000000000000000e+01 4.277777777777777568e-01 1.476699411000000055e+03
6.400000000000000000e+01 4.322222222222222299e-01 1.411268906000000015e+03
6.400000000000000000e+01 4.366666666666666474e-01 1.476200262999999950e+03
6.400000000000000000e+01 4.411111111111111205e-01 1.085497088000000076e+03
6.400000000000000000e+01 4.455555555555555935e-01 3.212116548999999850e+02
6.400000000000000000e+01 4.500000000000000111e-01 8.950381989999999632e+01
6.400000000000000000e+01 4.264444444444444038e-01 7.777521501999999600e+02
6.400000000000000000e+01 4.282222222222221708e-01 9.647028205000000298e+02
6.400000000000000000e+01 4.299999999999999378e-01 1.792607334000000037e+03
6.400000000000000000e+01 4.317777777777777604e-01 1.462849572999999964e+03
6.400000000000000000e+01 4.335555555555555274e-01 1.657956676999999900e+03
6.400000000000000000e+01 4.353333333333332944e-01 1.990526049000000057e+03
6.400000000000000000e+01 4.371111111111110614e-01 1.171846704999999929e+03
6.400000000000000000e+01 4.388888888888888840e-01 1.162475449000000026e+03
6.400000000000000000e+01 4.406666666666666510e-01 7.714951154000000315e+02
6.400000000000000000e+01 4.424444444444444180e-01 8.437117504999999937e+02
6.400000000000000000e+01 4.264444444444444038e-01 1.089497159000000011e+03
6.400000000000000000e+01 4.282222222222221708e-01 9.543241914000000179e+02
6.400000000000000000e+01 4.299999999999999378e-01 1.537865455999999995e+03
6.400000000000000000e+01 4.317777777777777604e-01 1.455829093999999941e+03
6.400000000000000000e+01 4.335555555555555274e-01 1.751663365999999996e+03
6.400000000000000000e+01 4.353333333333332944e-01 2.105067810999999892e+03
6.400000000000000000e+01 4.371111111111110614e-01 1.630314251000000013e+03
6.400000000000000000e+01 4.388888888888888840e-01 2.050681856000000153e+03
6.400000000000000000e+01 4.406666666666666510e-01 8.810941173999999592e+02
6.400000000000000000e+01 4.424444444444444180e-01 7.008190087000000403e+02
6.400000000000000000e+01 4.249777777777777321e-01 7.364202565000000504e+02
6.400000000000000000e+01 4.269333333333332758e-01 1.182005094000000099e+03
6.400000000000000000e+01 4.288888888888888751e-01 1.132171180999999933e+03
6.400000000000000000e+01 4.308444444444444188e-01 1.186312744000000066e+03
6.400000000000000000e+01 4.327999999999999625e-01 2.203161352000000079e+03
6.400000000000000000e+01 4.347555555555555618e-01 1.277049314999999979e+03
6.400000000000000000e+01 4.367111111111111055e-01 1.519598036000000093e+03
6.400000000000000000e+01 4.386666666666666492e-01 1.337343196999999918e+03
6.400000000000000000e+01 4.406222222222222484e-01 7.757272789999999532e+02
6.400000000000000000e+01 4.425777777777777922e-01 7.499998666999999841e+02
6.400000000000000000e+01 4.257377777777777150e-01 1.283127930999999990e+03
6.400000000000000000e+01 4.273318518518517961e-01 9.972229846000000180e+02
6.400000000000000000e+01 4.289259259259258772e-01 1.285267542000000049e+03
6.400000000000000000e+01 4.305199999999999583e-01 1.569460886000000073e+03
6.400000000000000000e+01 4.321140740740740394e-01 1.325982218999999986e+03
6.400000000000000000e+01 4.337081481481481204e-01 1.642081601999999975e+03
6.400000000000000000e+01 4.353022222222222015e-01 1.993050261999999975e+03
6.400000000000000000e+01 4.368962962962962826e-01 2.354166169999999966e+03
6.400000000000000000e+01 4.384903703703703637e-01 1.162239139999999907e+03
6.400000000000000000e+01 4.400844444444444448e-01 1.070749219999999923e+03
8.000000000000000000e+01 4.099999999999999756e-01 4.378613598000000025e+02
8.000000000000000000e+01 4.144444444444444486e-01 5.219192729999999756e+02
8.000000000000000000e+01 4.188888888888888662e-01 4.799578278999999839e+02
8.000000000000000000e+01 4.233333333333333393e-01 8.157492946999999504e+02
8.000000000000000000e+01 4.277777777777777568e-01 8.172761937000000216e+02
8.000000000000000000e+01 4.322222222222222299e-01 1.413069085000000086e+03
8.000000000000000000e+01 4.366666666666666474e-01 2.324207086999999774e+03
8.000000000000000000e+01 4.411111111111111205e-01 2.136232607999999800e+03
8.000000000000000000e+01 4.455555555555555935e-01 1.396772040999999945e+03
8.000000000000000000e+01 4.500000000000000111e-01 5.145322618000000148e+02
8.000000000000000000e+01 4.308888888888888768e-01 1.032590279999999893e+03
8.000000000000000000e+01 4.326666666666666439e-01 2.030363812000000053e+03
8.000000000000000000e+01 4.344444444444444109e-01 1.663698650000000043e+03
8.000000000000000000e+01 4.362222222222222334e-01 1.687985901999999896e+03
8.000000000000000000e+01 4.380000000000000004e-01 1.957193823000000066e+03
8.000000000000000000e+01 4.397777777777777675e-01 2.148203931999999895e+03
8.000000000000000000e+01 4.415555555555555345e-01 2.420288857000000007e+03
8.000000000000000000e+01 4.433333333333333570e-01 1.216700865999999905e+03
8.000000000000000000e+01 4.451111111111111240e-01 1.111943361999999979e+03
8.000000000000000000e+01 4.468888888888888911e-01 9.303620507000000543e+02
8.000000000000000000e+01 4.308888888888888768e-01 1.098543818999999985e+03
8.000000000000000000e+01 4.326666666666666439e-01 1.282228292999999894e+03
8.000000000000000000e+01 4.344444444444444109e-01 1.746123066000000108e+03
8.000000000000000000e+01 4.362222222222222334e-01 2.226388450999999804e+03
8.000000000000000000e+01 4.380000000000000004e-01 1.570488098999999920e+03
8.000000000000000000e+01 4.397777777777777675e-01 2.013751052999999956e+03
8.000000000000000000e+01 4.415555555555555345e-01 1.452895541999999978e+03
8.000000000000000000e+01 4.433333333333333570e-01 1.432445482999999967e+03
8.000000000000000000e+01 4.451111111111111240e-01 1.293312284000000091e+03
8.000000000000000000e+01 4.468888888888888911e-01 9.538784611999999470e+02
8.000000000000000000e+01 4.308888888888888768e-01 1.027935944000000063e+03
8.000000000000000000e+01 4.326666666666666439e-01 1.198749101999999993e+03
8.000000000000000000e+01 4.344444444444444109e-01 1.918773754999999937e+03
8.000000000000000000e+01 4.362222222222222334e-01 1.793752467999999908e+03
8.000000000000000000e+01 4.380000000000000004e-01 2.322696366000000125e+03
8.000000000000000000e+01 4.397777777777777675e-01 1.804865164000000050e+03
8.000000000000000000e+01 4.415555555555555345e-01 1.585615743000000066e+03
8.000000000000000000e+01 4.433333333333333570e-01 1.799655396000000110e+03
8.000000000000000000e+01 4.451111111111111240e-01 1.376330429000000095e+03
8.000000000000000000e+01 4.468888888888888911e-01 1.221122464000000036e+03
8.000000000000000000e+01 4.307555555555556137e-01 1.226707073999999920e+03
8.000000000000000000e+01 4.327111111111111574e-01 1.318897517000000107e+03
8.000000000000000000e+01 4.346666666666667012e-01 1.688814789000000019e+03
8.000000000000000000e+01 4.366222222222222449e-01 1.468048909000000094e+03
8.000000000000000000e+01 4.385777777777777886e-01 1.918377791999999999e+03
8.000000000000000000e+01 4.405333333333333878e-01 1.372385811000000103e+03
8.000000000000000000e+01 4.424888888888889316e-01 1.713317970999999943e+03
8.000000000000000000e+01 4.444444444444444753e-01 1.307145330000000058e+03
8.000000000000000000e+01 4.464000000000000190e-01 1.363123131999999941e+03
8.000000000000000000e+01 4.483555555555555627e-01 9.679904662999999800e+02
9.600000000000000000e+01 4.099999999999999756e-01 5.354402589999999691e+02
9.600000000000000000e+01 4.144444444444444486e-01 5.352868074000000433e+02
9.600000000000000000e+01 4.188888888888888662e-01 9.968849943000000167e+02
9.600000000000000000e+01 4.233333333333333393e-01 8.866556600999999773e+02
9.600000000000000000e+01 4.277777777777777568e-01 2.124499925999999959e+03
9.600000000000000000e+01 4.322222222222222299e-01 1.911698458999999957e+03
9.600000000000000000e+01 4.366666666666666474e-01 3.052816010999999889e+03
9.600000000000000000e+01 4.411111111111111205e-01 2.221752363000000059e+03
9.600000000000000000e+01 4.455555555555555935e-01 6.471870512000000417e+02
9.600000000000000000e+01 4.500000000000000111e-01 1.973411748999999986e+02
9.600000000000000000e+01 4.264444444444444038e-01 1.403088774000000058e+03
9.600000000000000000e+01 4.282222222222221708e-01 1.324879699999999957e+03
9.600000000000000000e+01 4.299999999999999378e-01 1.595153530000000046e+03
9.600000000000000000e+01 4.317777777777777604e-01 2.320046435000000201e+03
9.600000000000000000e+01 4.335555555555555274e-01 2.763204540000000179e+03
9.600000000000000000e+01 4.353333333333332944e-01 3.022408472999999958e+03
9.600000000000000000e+01 4.371111111111110614e-01 2.732989427999999862e+03
9.600000000000000000e+01 4.388888888888888840e-01 2.192301915999999892e+03
9.600000000000000000e+01 4.406666666666666510e-01 2.154573164999999790e+03
9.600000000000000000e+01 4.424444444444444180e-01 1.032514210999999932e+03
9.600000000000000000e+01 4.264444444444444038e-01 1.129803902000000107e+03
9.600000000000000000e+01 4.282222222222221708e-01 2.190037330000000111e+03
9.600000000000000000e+01 4.299999999999999378e-01 1.300228933999999981e+03
9.600000000000000000e+01 4.317777777777777604e-01 1.908945815999999922e+03
9.600000000000000000e+01 4.335555555555555274e-01 2.389737197999999808e+03
9.600000000000000000e+01 4.353333333333332944e-01 2.840407268999999815e+03
9.600000000000000000e+01 4.371111111111110614e-01 2.692433856000000105e+03
9.600000000000000000e+01 4.388888888888888840e-01 2.237900055000000066e+03
9.600000000000000000e+01 4.406666666666666510e-01 2.391394420999999966e+03
9.600000000000000000e+01 4.424444444444444180e-01 1.053067669999999907e+03
9.600000000000000000e+01 4.264444444444444038e-01 1.258280396000000110e+03
9.600000000000000000e+01 4.282222222222221708e-01 1.343575156000000106e+03
9.600000000000000000e+01 4.299999999999999378e-01 1.786963432999999895e+03
9.600000000000000000e+01 4.317777777777777604e-01 1.891315996999999925e+03
9.600000000000000000e+01 4.335555555555555274e-01 1.840242226000000073e+03
9.600000000000000000e+01 4.353333333333332944e-01 3.229972920000000158e+03
9.600000000000000000e+01 4.371111111111110614e-01 2.822894745999999941e+03
9.600000000000000000e+01 4.388888888888888840e-01 2.097599342999999863e+03
9.600000000000000000e+01 4.406666666666666510e-01 2.131705869999999777e+03
9.600000000000000000e+01 4.424444444444444180e-01 1.381106731999999965e+03
9.600000000000000000e+01 4.264444444444444038e-01 1.232419488000000001e+03
9.600000000000000000e+01 4.282222222222221708e-01 1.204891127999999981e+03
9.600000000000000000e+01 4.299999999999999378e-01 1.686470567999999957e+03
9.600000000000000000e+01 4.317777777777777604e-01 3.108056211999999960e+03
9.600000000000000000e+01 4.335555555555555274e-01 2.103051852000000054e+03
9.600000000000000000e+01 4.353333333333332944e-01 2.220677963000000091e+03
9.600000000000000000e+01 4.371111111111110614e-01 2.354679028000000017e+03
9.600000000000000000e+01 4.388888888888888840e-01 2.182333900000000085e+03
9.600000000000000000e+01 4.406666666666666510e-01 1.895892335999999887e+03
9.600000000000000000e+01 4.424444444444444180e-01 1.188666157999999996e+03
1.120000000000000000e+02 4.099999999999999756e-01 9.093784881000000269e+02
1.120000000000000000e+02 4.144444444444444486e-01 6.611905315000000201e+02
1.120000000000000000e+02 4.188888888888888662e-01 9.479928662999999460e+02
1.120000000000000000e+02 4.233333333333333393e-01 1.223182418000000098e+03
1.120000000000000000e+02 4.277777777777777568e-01 1.285044773999999961e+03
1.120000000000000000e+02 4.322222222222222299e-01 2.236244015000000218e+03
1.120000000000000000e+02 4.366666666666666474e-01 4.061526848999999856e+03
1.120000000000000000e+02 4.411111111111111205e-01 3.878124593000000004e+03
1.120000000000000000e+02 4.455555555555555935e-01 1.563395792999999912e+03
1.120000000000000000e+02 4.500000000000000111e-01 4.831429170000000113e+02
1.120000000000000000e+02 4.313333333333332908e-01 2.097175370999999814e+03
1.120000000000000000e+02 4.325185185185184689e-01 2.358365511999999853e+03
1.120000000000000000e+02 4.337037037037036469e-01 2.558966879999999946e+03
1.120000000000000000e+02 4.348888888888888804e-01 3.540242425999999796e+03
1.120000000000000000e+02 4.360740740740740584e-01 3.452481067000000166e+03
1.120000000000000000e+02 4.372592592592592364e-01 3.458633162999999968e+03
1.120000000000000000e+02 4.384444444444444144e-01 2.758534070000000156e+03
1.120000000000000000e+02 4.396296296296296480e-01 3.242428620000000137e+03
1.120000000000000000e+02 4.408148148148148260e-01 3.446617201999999907e+03
1.120000000000000000e+02 4.420000000000000040e-01 2.742104851000000053e+03
1.120000000000000000e+02 4.302666666666666306e-01 1.482581797000000051e+03
1.120000000000000000e+02 4.316888888888888443e-01 2.752494825000000219e+03
1.120000000000000000e+02 4.331111111111110579e-01 3.048719630000000052e+03
1.120000000000000000e+02 4.345333333333333270e-01 2.972173750999999811e+03
1.120000000000000000e+02 4.359555555555555406e-01 3.860704051000000163e+03
1.120000000000000000e+02 4.373777777777777542e-01 3.229659000000000106e+03
1.120000000000000000e+02 4.387999999999999678e-01 3.477778926999999840e+03
1.120000000000000000e+02 4.402222222222222370e-01 3.404398694999999861e+03
1.120000000000000000e+02 4.416444444444444506e-01 4.017128341999999975e+03
1.120000000000000000e+02 4.430666666666666642e-01 2.534472112999999808e+03
1.120000000000000000e+02 4.301599999999999313e-01 1.831720728000000008e+03
1.120000000000000000e+02 4.317244444444444107e-01 1.679002293000000009e+03
1.120000000000000000e+02 4.332888888888888346e-01 2.160371379000000161e+03
1.120000000000000000e+02 4.348533333333333140e-01 3.266863687999999911e+03
1.120000000000000000e+02 4.364177777777777378e-01 3.132377738000000136e+03
1.120000000000000000e+02 4.379822222222222172e-01 3.103931019000000106e+03
1.120000000000000000e+02 4.395466666666666411e-01 3.359348629000000074e+03
1.120000000000000000e+02 4.411111111111111205e-01 2.770992278000000169e+03
1.120000000000000000e+02 4.426755555555555444e-01 2.422044405000000097e+03
1.120000000000000000e+02 4.442400000000000237e-01 2.395024448000000120e+03
1.120000000000000000e+02 4.300426666666666287e-01 2.311515562999999929e+03
1.120000000000000000e+02 4.317635555555555116e-01 3.224760526999999911e+03
1.120000000000000000e+02 4.334844444444443945e-01 2.101046320999999807e+03
1.120000000000000000e+02 4.352053333333333329e-01 3.352481483999999909e+03
1.120000000000000000e+02 4.369262222222222158e-01 3.753230125999999927e+03
1.120000000000000000e+02 4.386471111111110988e-01 3.484642773999999918e+03
1.120000000000000000e+02 4.403679999999999817e-01 3.420357370000000174e+03
1.120000000000000000e+02 4.420888888888889201e-01 3.159070417999999790e+03
1.120000000000000000e+02 4.438097777777778030e-01 2.230050490000000082e+03
1.120000000000000000e+02 4.455306666666666859e-01 1.351042482999999947e+03
1.280000000000000000e+02 4.099999999999999756e-01 1.070479597000000012e+03
1.280000000000000000e+02 4.144444444444444486e-01 9.491596277999999529e+02
1.280000000000000000e+02 4.188888888888888662e-01 1.087905406000000085e+03
1.280000000000000000e+02 4.233333333333333393e-01 1.303003936999999951e+03
1.280000000000000000e+02 4.277777777777777568e-01 1.730231158999999934e+03
1.280000000000000000e+02 4.322222222222222299e-01 4.372175470000000132e+03
1.280000000000000000e+02 4.366666666666666474e-01 6.563878413999999793e+03
1.280000000000000000e+02 4.411111111111111205e-01 3.116912397999999939e+03
1.280000000000000000e+02 4.455555555555555935e-01 4.314742388000000233e+02
1.280000000000000000e+02 4.500000000000000111e-01 9.110585745000000202e+01
1.280000000000000000e+02 4.317777777777777048e-01 2.775894459000000097e+03
1.280000000000000000e+02 4.323703703703702939e-01 4.186770340000000033e+03
1.280000000000000000e+02 4.329629629629628829e-01 3.800132079999999860e+03
1.280000000000000000e+02 4.335555555555555274e-01 4.090886114999999791e+03
1.280000000000000000e+02 4.341481481481481164e-01 4.060056814999999915e+03
1.280000000000000000e+02 4.347407407407407054e-01 6.413356536000000233e+03
1.280000000000000000e+02 4.353333333333332944e-01 9.723775896999999532e+03
1.280000000000000000e+02 4.359259259259259389e-01 7.635184121000000232e+03
1.280000000000000000e+02 4.365185185185185279e-01 8.676355740999999398e+03
1.280000000000000000e+02 4.371111111111111169e-01 6.040285511000000042e+03
1.280000000000000000e+02 4.345037037037036698e-01 4.441070550999999796e+03
1.280000000000000000e+02 4.348197530864197358e-01 5.993376113999999689e+03
1.280000000000000000e+02 4.351358024691358017e-01 5.204599537000000055e+03
1.280000000000000000e+02 4.354518518518518677e-01 6.662822372999999970e+03
1.280000000000000000e+02 4.357679012345679337e-01 5.988442224000000351e+03
1.280000000000000000e+02 4.360839506172839442e-01 7.756596462000000429e+03
1.280000000000000000e+02 4.364000000000000101e-01 5.333845008000000234e+03
1.280000000000000000e+02 4.367160493827160761e-01 8.234244652999999744e+03
1.280000000000000000e+02 4.370320987654321421e-01 8.634414058000000296e+03
1.280000000000000000e+02 4.373481481481482080e-01 7.367972702000000027e+03
1.280000000000000000e+02 4.344799999999999773e-01 5.677239039000000048e+03
1.280000000000000000e+02 4.348276543209876333e-01 4.306680064999999558e+03
1.280000000000000000e+02 4.351753086419752892e-01 6.130817264999999679e+03
1.280000000000000000e+02 4.355229629629629451e-01 6.645012826999999561e+03
1.280000000000000000e+02 4.358706172839506010e-01 6.683411097000000154e+03
1.280000000000000000e+02 4.362182716049383124e-01 7.796929356999999982e+03
1.280000000000000000e+02 4.365659259259259684e-01 7.398111769000000095e+03
1.280000000000000000e+02 4.369135802469136243e-01 8.205939044000000649e+03
1.280000000000000000e+02 4.372612345679012802e-01 7.669704695999999785e+03
1.280000000000000000e+02 4.376088888888889361e-01 6.232415595000000394e+03
1.280000000000000000e+02 4.341671111111110593e-01 5.140830383000000438e+03
1.280000000000000000e+02 4.345842962962962464e-01 4.295681141000000025e+03
1.280000000000000000e+02 4.350014814814814335e-01 6.419335783999999876e+03
1.280000000000000000e+02 4.354186666666666761e-01 5.144843917000000147e+03
1.280000000000000000e+02 4.358358518518518632e-01 6.055869893000000047e+03
1.280000000000000000e+02 4.362530370370370503e-01 6.319337845000000016e+03
1.280000000000000000e+02 4.366702222222222374e-01 6.917316971999999623e+03
1.280000000000000000e+02 4.370874074074074800e-01 9.749227765999999974e+03
1.280000000000000000e+02 4.375045925925926671e-01 7.686000823000000310e+03
1.280000000000000000e+02 4.379217777777778542e-01 6.135880306000000019e+03
1.440000000000000000e+02 4.099999999999999756e-01 1.427349860999999919e+03
1.440000000000000000e+02 4.144444444444444486e-01 1.363368531999999959e+03
1.440000000000000000e+02 4.188888888888888662e-01 1.588690835999999990e+03
1.440000000000000000e+02 4.233333333333333393e-01 1.193553967999999941e+03
1.440000000000000000e+02 4.277777777777777568e-01 2.204211831999999958e+03
1.440000000000000000e+02 4.322222222222222299e-01 3.946783879999999954e+03
1.440000000000000000e+02 4.366666666666666474e-01 7.726937175000000025e+03
1.440000000000000000e+02 4.411111111111111205e-01 3.657129512999999861e+03
1.440000000000000000e+02 4.455555555555555935e-01 7.747718677999999954e+02
1.440000000000000000e+02 4.500000000000000111e-01 2.149224007999999912e+02
1.440000000000000000e+02 4.317777777777777048e-01 3.772936195000000225e+03
1.440000000000000000e+02 4.323703703703702939e-01 3.597013011000000006e+03
1.440000000000000000e+02 4.329629629629628829e-01 3.143769734999999855e+03
1.440000000000000000e+02 4.335555555555555274e-01 4.639700345000000198e+03
1.440000000000000000e+02 4.341481481481481164e-01 3.905511957000000166e+03
1.440000000000000000e+02 4.347407407407407054e-01 4.532144827000000078e+03
1.440000000000000000e+02 4.353333333333332944e-01 5.132301613999999972e+03
1.440000000000000000e+02 4.359259259259259389e-01 8.084312985999999910e+03
1.440000000000000000e+02 4.365185185185185279e-01 7.287556322000000364e+03
1.440000000000000000e+02 4.371111111111111169e-01 5.584293878999999833e+03
1.440000000000000000e+02 4.331999999999999740e-01 4.785843436000000111e+03
1.440000000000000000e+02 4.336740740740740452e-01 3.744834220000000187e+03
1.440000000000000000e+02 4.341481481481481164e-01 5.396221376999999848e+03
1.440000000000000000e+02 4.346222222222222431e-01 6.276663505999999870e+03
1.440000000000000000e+02 4.350962962962963143e-01 5.459188384000000042e+03
1.440000000000000000e+02 4.355703703703703855e-01 6.040884689000000435e+03
1.440000000000000000e+02 4.360444444444444567e-01 6.136899059999999736e+03
1.440000000000000000e+02 4.365185185185185834e-01 6.648470946999999796e+03
1.440000000000000000e+02 4.369925925925926546e-01 5.791525802000000112e+03
1.440000000000000000e+02 4.374666666666667258e-01 8.073331645000000208e+03
1.440000000000000000e+02 4.327733333333332877e-01 4.012275083999999879e+03
1.440000000000000000e+02 4.333422222222221842e-01 5.345372325999999703e+03
1.440000000000000000e+02 4.339111111111110808e-01 4.197238795000000209e+03
1.440000000000000000e+02 4.344799999999999773e-01 4.868793391999999585e+03
1.440000000000000000e+02 4.350488888888888739e-01 6.301390569000000141e+03
1.440000000000000000e+02 4.356177777777778259e-01 5.544069183999999950e+03
1.440000000000000000e+02 4.361866666666667225e-01 8.464005184999999983e+03
1.440000000000000000e+02 4.367555555555556190e-01 8.093256029999999555e+03
1.440000000000000000e+02 4.373244444444445156e-01 5.896595124999999825e+03
1.440000000000000000e+02 4.378933333333334121e-01 8.323398844999999710e+03
1.440000000000000000e+02 4.327306666666666524e-01 2.846286801000000196e+03
1.440000000000000000e+02 4.333564444444444330e-01 4.036775157000000036e+03
1.440000000000000000e+02 4.339822222222222137e-01 3.999472483999999895e+03
1.440000000000000000e+02 4.346079999999999943e-01 6.741591945000000123e+03
1.440000000000000000e+02 4.352337777777777750e-01 4.339283347999999933e+03
1.440000000000000000e+02 4.358595555555556111e-01 5.345541406999999708e+03
1.440000000000000000e+02 4.364853333333333918e-01 5.608861393999999564e+03
1.440000000000000000e+02 4.371111111111111724e-01 5.733760032000000137e+03
1.440000000000000000e+02 4.377368888888889531e-01 8.209304786999999124e+03
1.440000000000000000e+02 4.383626666666667338e-01 7.684072059000000081e+03
1.600000000000000000e+02 4.099999999999999756e-01 9.955307076999999936e+02
1.600000000000000000e+02 4.144444444444444486e-01 1.290374338999999964e+03
1.600000000000000000e+02 4.188888888888888662e-01 1.304160791000000017e+03
1.600000000000000000e+02 4.233333333333333393e-01 1.480731604000000061e+03
1.600000000000000000e+02 4.277777777777777568e-01 2.787307330999999976e+03
1.600000000000000000e+02 4.322222222222222299e-01 3.717641716000000088e+03
1.600000000000000000e+02 4.366666666666666474e-01 5.642630997000000207e+03
1.600000000000000000e+02 4.411111111111111205e-01 4.647004066000000421e+03
1.600000000000000000e+02 4.455555555555555935e-01 1.054145305999999891e+03
1.600000000000000000e+02 4.500000000000000111e-01 2.641874973999999838e+02
1.600000000000000000e+02 4.313333333333332908e-01 3.735838609999999790e+03
1.600000000000000000e+02 4.325185185185184689e-01 5.567526186000000052e+03
1.600000000000000000e+02 4.337037037037036469e-01 5.302468358000000080e+03
1.600000000000000000e+02 4.348888888888888804e-01 4.547614359000000150e+03
1.600000000000000000e+02 4.360740740740740584e-01 6.858743159999999989e+03
1.600000000000000000e+02 4.372592592592592364e-01 6.563506467000000157e+03
1.600000000000000000e+02 4.384444444444444144e-01 7.900052080999999816e+03
1.600000000000000000e+02 4.396296296296296480e-01 5.967843135000000075e+03
1.600000000000000000e+02 4.408148148148148260e-01 4.262694088000000193e+03
1.600000000000000000e+02 4.420000000000000040e-01 3.113685124000000087e+03
1.600000000000000000e+02 4.316592592592591870e-01 3.622591657999999825e+03
1.600000000000000000e+02 4.328049382716048776e-01 3.381672728000000006e+03
1.600000000000000000e+02 4.339506172839505682e-01 5.219255470000000059e+03
1.600000000000000000e+02 4.350962962962962588e-01 4.770570324999999684e+03
1.600000000000000000e+02 4.362419753086419494e-01 8.251840799999999945e+03
1.600000000000000000e+02 4.373876543209875845e-01 7.372956286999999975e+03
1.600000000000000000e+02 4.385333333333332750e-01 9.638285167000000001e+03
1.600000000000000000e+02 4.396790123456789656e-01 5.455050882999999885e+03
1.600000000000000000e+02 4.408246913580246562e-01 7.079402960999999777e+03
1.600000000000000000e+02 4.419703703703703468e-01 4.575723914999999579e+03
1.600000000000000000e+02 4.316879012345678501e-01 3.101903470000000198e+03
1.600000000000000000e+02 4.327953909465019899e-01 3.866773729000000003e+03
1.600000000000000000e+02 4.339028806584361853e-01 6.128416586000000279e+03
1.600000000000000000e+02 4.350103703703703251e-01 6.487192909000000327e+03
1.600000000000000000e+02 4.361178600823044649e-01 5.854632963000000018e+03
1.600000000000000000e+02 4.372253497942386602e-01 6.530940908999999920e+03
1.600000000000000000e+02 4.383328395061728000e-01 8.074699222999999620e+03
1.600000000000000000e+02 4.394403292181069398e-01 6.680991337000000385e+03
1.600000000000000000e+02 4.405478189300411351e-01 5.116967297000000144e+03
1.600000000000000000e+02 4.416553086419752749e-01 3.517227981999999884e+03
1.600000000000000000e+02 4.316879012345678501e-01 4.635930620000000090e+03
1.600000000000000000e+02 4.327953909465019899e-01 3.880446461999999883e+03
1.600000000000000000e+02 4.339028806584361853e-01 4.507744905999999901e+03
1.600000000000000000e+02 4.350103703703703251e-01 5.302299445999999989e+03
1.600000000000000000e+02 4.361178600823044649e-01 7.931693217000000004e+03
1.600000000000000000e+02 4.372253497942386602e-01 6.775108973999999762e+03
1.600000000000000000e+02 4.383328395061728000e-01 1.076083970000000045e+04
1.600000000000000000e+02 4.394403292181069398e-01 6.761760862000000088e+03
1.600000000000000000e+02 4.405478189300411351e-01 4.526088383000000249e+03
1.600000000000000000e+02 4.416553086419752749e-01 3.856192238000000089e+03
