3.200000000000000000e+01 4.099999999999999756e-01 1.683681070000000091e+02
3.200000000000000000e+01 4.144444444444444486e-01 3.034205246999999872e+02
3.200000000000000000e+01 4.188888888888888662e-01 3.368733958999999913e+02
3.200000000000000000e+01 4.233333333333333393e-01 4.771966067000000180e+02
3.200000000000000000e+01 4.277777777777777568e-01 3.622392530000000193e+02
3.200000000000000000e+01 4.322222222222222299e-01 5.785339966999999888e+02
3.200000000000000000e+01 4.366666666666666474e-01 2.175836414000000048e+02
3.200000000000000000e+01 4.411111111111111205e-01 2.163220373999999993e+02
3.200000000000000000e+01 4.455555555555555935e-01 1.075771074999999968e+02
3.200000000000000000e+01 4.500000000000000111e-01 9.871364819999999440e+01
3.200000000000000000e+01 4.100000000000000311e-01 2.005459874999999954e+02
3.200000000000000000e+01 4.129629629629629761e-01 2.046826173000000040e+02
3.200000000000000000e+01 4.159259259259259212e-01 3.259214481000000205e+02
3.200000000000000000e+01 4.188888888888889217e-01 2.841922786000000087e+02
3.200000000000000000e+01 4.218518518518518667e-01 3.220189336000000253e+02
3.200000000000000000e+01 4.248148148148148118e-01 3.159711014999999747e+02
3.200000000000000000e+01 4.277777777777777568e-01 3.202872957999999812e+02
3.200000000000000000e+01 4.307407407407407574e-01 3.116942774999999983e+02
3.200000000000000000e+01 4.337037037037037024e-01 2.887580360000000042e+02
3.200000000000000000e+01 4.366666666666666474e-01 2.649018712000000164e+02
3.200000000000000000e+01 4.100000000000000311e-01 2.227628665999999953e+02
3.200000000000000000e+01 4.129629629629629761e-01 2.251822200000000009e+02
3.200000000000000000e+01 4.159259259259259212e-01 3.545223927000000117e+02
3.200000000000000000e+01 4.188888888888889217e-01 2.990215971000000081e+02
3.200000000000000000e+01 4.218518518518518667e-01 2.970992671999999857e+02
3.200000000000000000e+01 4.248148148148148118e-01 4.131182443000000148e+02
3.200000000000000000e+01 4.277777777777777568e-01 3.407689886000000001e+02
3.200000000000000000e+01 4.307407407407407574e-01 4.009606254000000263e+02
3.200000000000000000e+01 4.337037037037037024e-01 2.984736702000000150e+02
3.200000000000000000e+01 4.366666666666666474e-01 3.154383589000000256e+02
3.200000000000000000e+01 4.088888888888889128e-01 1.812261100999999996e+02
3.200000000000000000e+01 4.125925925925926219e-01 2.364111555000000067e+02
3.200000000000000000e+01 4.162962962962963309e-01 2.455497085000000084e+02
3.200000000000000000e+01 4.200000000000000400e-01 2.841760163999999804e+02
3.200000000000000000e+01 4.237037037037037490e-01 4.120586165000000278e+02
3.200000000000000000e+01 4.274074074074074026e-01 4.249773893999999927e+02
3.200000000000000000e+01 4.311111111111111116e-01 4.125852368000000183e+02
3.200000000000000000e+01 4.348148148148148207e-01 2.879512477999999760e+02
3.200000000000000000e+01 4.385185185185185297e-01 2.319922301000000004e+02
3.200000000000000000e+01 4.422222222222222388e-01 1.814576481000000001e+02
3.200000000000000000e+01 4.088888888888889128e-01 2.284450104999999951e+02
3.200000000000000000e+01 4.125925925925926219e-01 2.451275132000000099e+02
3.200000000000000000e+01 4.162962962962963309e-01 3.656059453999999960e+02
3.200000000000000000e+01 4.200000000000000400e-01 2.639526146000000040e+02
3.200000000000000000e+01 4.237037037037037490e-01 4.273906827999999791e+02
3.200000000000000000e+01 4.274074074074074026e-01 3.218041920000000005e+02
3.200000000000000000e+01 4.311111111111111116e-01 3.195582625000000121e+02
3.200000000000000000e+01 4.348148148148148207e-01 3.073531320000000164e+02
3.200000000000000000e+01 4.385185185185185297e-01 3.512531546000000162e+02
3.200000000000000000e+01 4.422222222222222388e-01 1.738069950999999946e+02
4.800000000000000000e+01 4.099999999999999756e-01 2.517223823999999865e+02
4.800000000000000000e+01 4.144444444444444486e-01 2.193837631000000101e+02
4.800000000000000000e+01 4.188888888888888662e-01 3.799639473999999950e+02
4.800000000000000000e+01 4.233333333333333393e-01 4.762874540000000252e+02
4.800000000000000000e+01 4.277777777777777568e-01 6.884783694000000196e+02
4.800000000000000000e+01 4.322222222222222299e-01 4.931873471999999765e+02
4.800000000000000000e+01 4.366666666666666474e-01 8.987595649999999523e+02
4.800000000000000000e+01 4.411111111111111205e-01 4.171136359000000198e+02
4.800000000000000000e+01 4.455555555555555935e-01 3.804057085000000029e+02
4.800000000000000000e+01 4.500000000000000111e-01 2.748639317000000233e+02
4.800000000000000000e+01 4.200000000000000400e-01 4.775481381999999826e+02
4.800000000000000000e+01 4.222222222222222765e-01 4.245245429999999942e+02
4.800000000000000000e+01 4.244444444444444575e-01 4.298502320000000054e+02
4.800000000000000000e+01 4.266666666666666941e-01 4.427509802999999806e+02
4.800000000000000000e+01 4.288888888888888751e-01 4.417151197000000025e+02
4.800000000000000000e+01 4.311111111111111116e-01 7.759936761000000160e+02
4.800000000000000000e+01 4.333333333333332926e-01 7.328709949999999935e+02
4.800000000000000000e+01 4.355555555555555292e-01 6.304662005999999792e+02
4.800000000000000000e+01 4.377777777777777102e-01 6.101814726999999721e+02
4.800000000000000000e+01 4.399999999999999467e-01 6.080127308999999514e+02
4.800000000000000000e+01 4.150000000000000355e-01 4.613168555999999967e+02
4.800000000000000000e+01 4.183333333333333348e-01 2.820590103000000113e+02
4.800000000000000000e+01 4.216666666666666896e-01 4.178869328000000110e+02
4.800000000000000000e+01 4.249999999999999889e-01 5.054065241000000128e+02
4.800000000000000000e+01 4.283333333333333437e-01 4.841702185999999983e+02
4.800000000000000000e+01 4.316666666666666430e-01 6.462659867999999506e+02
4.800000000000000000e+01 4.349999999999999978e-01 5.115670127999999863e+02
4.800000000000000000e+01 4.383333333333332971e-01 7.975072611000000506e+02
4.800000000000000000e+01 4.416666666666666519e-01 4.624783082000000149e+02
4.800000000000000000e+01 4.449999999999999512e-01 3.721616857000000209e+02
4.800000000000000000e+01 4.083333333333333814e-01 2.058845152000000098e+02
4.800000000000000000e+01 4.127777777777777990e-01 3.338030173999999874e+02
4.800000000000000000e+01 4.172222222222222721e-01 2.942964433000000213e+02
4.800000000000000000e+01 4.216666666666666896e-01 4.836359390999999732e+02
4.800000000000000000e+01 4.261111111111111072e-01 4.453299501000000191e+02
4.800000000000000000e+01 4.305555555555555802e-01 5.456005087999999432e+02
4.800000000000000000e+01 4.349999999999999978e-01 6.491793502000000444e+02
4.800000000000000000e+01 4.394444444444444153e-01 5.526126299000000017e+02
4.800000000000000000e+01 4.438888888888888884e-01 4.261772363000000041e+02
4.800000000000000000e+01 4.483333333333333059e-01 3.078911036000000081e+02
4.800000000000000000e+01 4.083333333333333814e-01 2.114505221999999947e+02
4.800000000000000000e+01 4.127777777777777990e-01 2.484403263000000095e+02
4.800000000000000000e+01 4.172222222222222721e-01 2.903059132000000204e+02
4.800000000000000000e+01 4.216666666666666896e-01 4.260496772999999848e+02
4.800000000000000000e+01 4.261111111111111072e-01 5.116526696999999899e+02
4.800000000000000000e+01 4.305555555555555802e-01 6.723564992000000302e+02
4.800000000000000000e+01 4.349999999999999978e-01 5.885712098000000196e+02
4.800000000000000000e+01 4.394444444444444153e-01 6.819674892000000455e+02
4.800000000000000000e+01 4.438888888888888884e-01 5.221390850999999884e+02
4.800000000000000000e+01 4.483333333333333059e-01 4.155914510999999720e+02
6.400000000000000000e+01 4.099999999999999756e-01 3.265758736000000226e+02
6.400000000000000000e+01 4.144444444444444486e-01 5.255572464000000537e+02
6.400000000000000000e+01 4.188888888888888662e-01 8.000622945000000072e+02
6.400000000000000000e+01 4.233333333333333393e-01 7.520261748000000352e+02
6.400000000000000000e+01 4.277777777777777568e-01 1.611902454999999918e+03
6.400000000000000000e+01 4.322222222222222299e-01 1.501235687000000098e+03
6.400000000000000000e+01 4.366666666666666474e-01 1.688431563999999980e+03
6.400000000000000000e+01 4.411111111111111205e-01 8.715444804999999633e+02
6.400000000000000000e+01 4.455555555555555935e-01 3.457889490000000023e+02
6.400000000000000000e+01 4.500000000000000111e-01 1.337147577000000069e+02
6.400000000000000000e+01 4.244444444444444020e-01 7.532185647999999674e+02
6.400000000000000000e+01 4.266666666666666385e-01 9.699825180999999930e+02
6.400000000000000000e+01 4.288888888888888751e-01 1.262724494999999933e+03
6.400000000000000000e+01 4.311111111111110561e-01 1.361976204000000052e+03
6.400000000000000000e+01 4.333333333333332926e-01 2.561205797000000075e+03
6.400000000000000000e+01 4.355555555555555292e-01 1.813846405000000004e+03
6.400000000000000000e+01 4.377777777777777657e-01 1.400554253000000017e+03
6.400000000000000000e+01 4.399999999999999467e-01 1.224057749000000058e+03
6.400000000000000000e+01 4.422222222222221832e-01 6.806541016999999556e+02
6.400000000000000000e+01 4.444444444444444198e-01 3.645889290000000074e+02
6.400000000000000000e+01 4.252777777777777546e-01 6.480393878999999515e+02
6.400000000000000000e+01 4.269444444444444042e-01 1.277091861000000108e+03
6.400000000000000000e+01 4.286111111111111094e-01 1.247803979000000027e+03
6.400000000000000000e+01 4.302777777777777590e-01 1.202613417000000027e+03
6.400000000000000000e+01 4.319444444444444087e-01 1.643384634999999889e+03
6.400000000000000000e+01 4.336111111111111138e-01 1.630290263999999979e+03
6.400000000000000000e+01 4.352777777777777635e-01 1.742368467000000010e+03
6.400000000000000000e+01 4.369444444444444131e-01 1.643539359000000104e+03
6.400000000000000000e+01 4.386111111111111183e-01 1.063350093000000015e+03
6.400000000000000000e+01 4.402777777777777679e-01 8.427841681999999537e+02
6.400000000000000000e+01 4.252777777777777546e-01 8.971728418999999803e+02
6.400000000000000000e+01 4.269444444444444042e-01 1.351178343000000041e+03
6.400000000000000000e+01 4.286111111111111094e-01 1.418317348999999922e+03
6.400000000000000000e+01 4.302777777777777590e-01 1.322379071000000067e+03
6.400000000000000000e+01 4.319444444444444087e-01 1.429219601000000011e+03
6.400000000000000000e+01 4.336111111111111138e-01 1.460125189000000091e+03
6.400000000000000000e+01 4.352777777777777635e-01 1.648172307000000046e+03
6.400000000000000000e+01 4.369444444444444131e-01 1.461741207999999915e+03
6.400000000000000000e+01 4.386111111111111183e-01 1.131420626000000084e+03
6.400000000000000000e+01 4.402777777777777679e-01 1.117314125000000104e+03
6.400000000000000000e+01 4.242361111111110361e-01 6.784356506999999965e+02
6.400000000000000000e+01 4.260416666666665964e-01 9.906798715999999558e+02
6.400000000000000000e+01 4.278472222222221566e-01 1.014502912000000038e+03
6.400000000000000000e+01 4.296527777777777168e-01 1.472639368999999988e+03
6.400000000000000000e+01 4.314583333333332771e-01 2.145495841999999811e+03
6.400000000000000000e+01 4.332638888888888928e-01 1.972262934000000087e+03
6.400000000000000000e+01 4.350694444444444531e-01 2.038714069000000109e+03
6.400000000000000000e+01 4.368750000000000133e-01 1.363688564000000042e+03
6.400000000000000000e+01 4.386805555555555736e-01 1.363305812999999944e+03
6.400000000000000000e+01 4.404861111111111338e-01 1.007379405000000020e+03
8.000000000000000000e+01 4.099999999999999756e-01 5.121624305999999933e+02
8.000000000000000000e+01 4.144444444444444486e-01 4.664529716000000121e+02
8.000000000000000000e+01 4.188888888888888662e-01 6.026568389999999908e+02
8.000000000000000000e+01 4.233333333333333393e-01 6.654702234000000090e+02
8.000000000000000000e+01 4.277777777777777568e-01 9.298675580000000309e+02
8.000000000000000000e+01 4.322222222222222299e-01 1.126304624999999987e+03
8.000000000000000000e+01 4.366666666666666474e-01 2.096411301999999978e+03
8.000000000000000000e+01 4.411111111111111205e-01 1.703119423999999981e+03
8.000000000000000000e+01 4.455555555555555935e-01 1.271637678999999935e+03
8.000000000000000000e+01 4.500000000000000111e-01 5.470454998000000160e+02
8.000000000000000000e+01 4.288888888888888751e-01 1.129921577999999954e+03
8.000000000000000000e+01 4.311111111111111116e-01 1.315463635999999951e+03
8.000000000000000000e+01 4.333333333333333481e-01 1.148819416000000047e+03
8.000000000000000000e+01 4.355555555555555292e-01 1.553327250999999933e+03
8.000000000000000000e+01 4.377777777777777657e-01 2.191574993000000177e+03
8.000000000000000000e+01 4.400000000000000022e-01 1.688075158999999985e+03
8.000000000000000000e+01 4.422222222222222388e-01 1.752595346000000063e+03
8.000000000000000000e+01 4.444444444444444198e-01 1.318495333999999957e+03
8.000000000000000000e+01 4.466666666666666563e-01 9.994653921999999966e+02
8.000000000000000000e+01 4.488888888888888928e-01 8.628042319999999563e+02
8.000000000000000000e+01 4.247222222222222232e-01 7.253715999999999440e+02
8.000000000000000000e+01 4.274999999999999911e-01 7.190750262999999904e+02
8.000000000000000000e+01 4.302777777777777590e-01 1.163127588999999944e+03
8.000000000000000000e+01 4.330555555555555824e-01 1.348573499000000083e+03
8.000000000000000000e+01 4.358333333333333504e-01 1.776110803000000033e+03
8.000000000000000000e+01 4.386111111111111183e-01 1.575856477000000041e+03
8.000000000000000000e+01 4.413888888888888862e-01 1.570450047000000040e+03
8.000000000000000000e+01 4.441666666666667096e-01 1.263164684000000079e+03
8.000000000000000000e+01 4.469444444444444775e-01 8.490968982000000551e+02
8.000000000000000000e+01 4.497222222222222454e-01 9.758131260999999768e+02
8.000000000000000000e+01 4.247222222222222232e-01 1.020541804999999954e+03
8.000000000000000000e+01 4.274999999999999911e-01 1.205485368999999992e+03
8.000000000000000000e+01 4.302777777777777590e-01 1.419429814999999962e+03
8.000000000000000000e+01 4.330555555555555824e-01 2.072673467000000073e+03
8.000000000000000000e+01 4.358333333333333504e-01 1.763567342000000053e+03
8.000000000000000000e+01 4.386111111111111183e-01 1.313165461000000050e+03
8.000000000000000000e+01 4.413888888888888862e-01 1.386867017999999916e+03
8.000000000000000000e+01 4.441666666666667096e-01 2.184340149999999994e+03
8.000000000000000000e+01 4.469444444444444775e-01 1.080165572999999995e+03
8.000000000000000000e+01 4.497222222222222454e-01 5.163309983999999986e+02
8.000000000000000000e+01 4.229861111111110628e-01 6.925804525999999441e+02
8.000000000000000000e+01 4.259953703703703298e-01 9.208788739000000305e+02
8.000000000000000000e+01 4.290046296296295969e-01 1.109237010000000055e+03
8.000000000000000000e+01 4.320138888888888640e-01 1.479733302999999978e+03
8.000000000000000000e+01 4.350231481481481310e-01 1.536984905999999910e+03
8.000000000000000000e+01 4.380324074074074536e-01 1.900647611999999981e+03
8.000000000000000000e+01 4.410416666666667207e-01 2.057845060000000103e+03
8.000000000000000000e+01 4.440509259259259878e-01 1.309305971000000000e+03
8.000000000000000000e+01 4.470601851851852548e-01 8.735037042999999812e+02
8.000000000000000000e+01 4.500694444444445219e-01 5.247037420000000338e+02
9.600000000000000000e+01 4.099999999999999756e-01 6.330046293000000333e+02
9.600000000000000000e+01 4.144444444444444486e-01 5.626698784999999816e+02
9.600000000000000000e+01 4.188888888888888662e-01 1.038007452999999941e+03
9.600000000000000000e+01 4.233333333333333393e-01 9.522011714000000211e+02
9.600000000000000000e+01 4.277777777777777568e-01 1.336423522999999932e+03
9.600000000000000000e+01 4.322222222222222299e-01 2.219272069999999985e+03
9.600000000000000000e+01 4.366666666666666474e-01 3.674486543999999867e+03
9.600000000000000000e+01 4.411111111111111205e-01 1.449731050999999979e+03
9.600000000000000000e+01 4.455555555555555935e-01 5.873554705000000240e+02
9.600000000000000000e+01 4.500000000000000111e-01 3.185049331000000166e+02
9.600000000000000000e+01 4.311111111111110561e-01 1.791954060000000027e+03
9.600000000000000000e+01 4.318518518518518201e-01 1.783521553000000040e+03
9.600000000000000000e+01 4.325925925925925286e-01 2.406494032000000061e+03
9.600000000000000000e+01 4.333333333333332926e-01 2.750595729000000119e+03
9.600000000000000000e+01 4.340740740740740566e-01 2.437439444999999978e+03
9.600000000000000000e+01 4.348148148148147651e-01 2.390708024000000023e+03
9.600000000000000000e+01 4.355555555555555292e-01 2.561511953000000176e+03
9.600000000000000000e+01 4.362962962962962932e-01 2.615405553000000054e+03
9.600000000000000000e+01 4.370370370370370017e-01 2.748554352999999992e+03
9.600000000000000000e+01 4.377777777777777657e-01 2.205069954999999936e+03
9.600000000000000000e+01 4.308333333333333459e-01 1.576146670999999969e+03
9.600000000000000000e+01 4.317592592592592871e-01 2.768596032999999807e+03
9.600000000000000000e+01 4.326851851851851727e-01 1.875974727000000030e+03
9.600000000000000000e+01 4.336111111111111138e-01 2.067725054999999884e+03
9.600000000000000000e+01 4.345370370370370550e-01 2.624243613999999980e+03
9.600000000000000000e+01 4.354629629629629406e-01 2.855142554000000018e+03
9.600000000000000000e+01 4.363888888888888817e-01 3.062041854999999941e+03
9.600000000000000000e+01 4.373148148148148229e-01 2.262769514000000072e+03
9.600000000000000000e+01 4.382407407407407085e-01 2.279624189999999999e+03
9.600000000000000000e+01 4.391666666666666496e-01 3.027038469999999961e+03
9.600000000000000000e+01 4.299074074074074048e-01 1.374627338000000009e+03
9.600000000000000000e+01 4.311419753086419560e-01 1.829278238999999985e+03
9.600000000000000000e+01 4.323765432098765071e-01 2.457927772999999888e+03
9.600000000000000000e+01 4.336111111111111138e-01 2.481465232000000015e+03
9.600000000000000000e+01 4.348456790123456650e-01 2.074228133000000071e+03
9.600000000000000000e+01 4.360802469135802162e-01 2.490040672000000086e+03
9.600000000000000000e+01 4.373148148148147674e-01 3.683030832999999802e+03
9.600000000000000000e+01 4.385493827160493741e-01 2.763968976000000112e+03
9.600000000000000000e+01 4.397839506172839252e-01 2.564071702000000187e+03
9.600000000000000000e+01 4.410185185185184764e-01 1.449685754999999972e+03
9.600000000000000000e+01 4.297530864197531275e-01 1.633338539999999966e+03
9.600000000000000000e+01 4.310905349794239005e-01 1.871900401000000102e+03
9.600000000000000000e+01 4.324279835390946736e-01 2.168893489999999929e+03
9.600000000000000000e+01 4.337654320987654466e-01 2.039422195999999985e+03
9.600000000000000000e+01 4.351028806584362196e-01 2.338733399000000190e+03
9.600000000000000000e+01 4.364403292181069927e-01 3.016223300000000108e+03
9.600000000000000000e+01 4.377777777777777657e-01 2.400873066999999992e+03
9.600000000000000000e+01 4.391152263374485387e-01 2.386786927999999989e+03
9.600000000000000000e+01 4.404526748971193117e-01 1.598853589000000056e+03
9.600000000000000000e+01 4.417901234567900848e-01 1.359777859000000035e+03
1.120000000000000000e+02 4.099999999999999756e-01 1.011679783000000043e+03
1.120000000000000000e+02 4.144444444444444486e-01 8.557712136999999757e+02
1.120000000000000000e+02 4.188888888888888662e-01 1.238778915999999981e+03
1.120000000000000000e+02 4.233333333333333393e-01 1.182459933999999976e+03
1.120000000000000000e+02 4.277777777777777568e-01 1.289457914000000073e+03
1.120000000000000000e+02 4.322222222222222299e-01 2.137842270999999982e+03
1.120000000000000000e+02 4.366666666666666474e-01 3.107905396999999994e+03
1.120000000000000000e+02 4.411111111111111205e-01 3.681875360999999884e+03
1.120000000000000000e+02 4.455555555555555935e-01 1.379224171000000069e+03
1.120000000000000000e+02 4.500000000000000111e-01 6.031762704000000213e+02
1.120000000000000000e+02 4.299999999999999933e-01 2.286129176999999800e+03
1.120000000000000000e+02 4.314814814814814659e-01 1.541365097000000105e+03
1.120000000000000000e+02 4.329629629629629384e-01 2.171592766000000211e+03
1.120000000000000000e+02 4.344444444444444109e-01 2.953186076999999841e+03
1.120000000000000000e+02 4.359259259259258834e-01 2.277552941999999803e+03
1.120000000000000000e+02 4.374074074074074114e-01 4.122420006999999714e+03
1.120000000000000000e+02 4.388888888888888840e-01 3.404071806999999808e+03
1.120000000000000000e+02 4.403703703703703565e-01 2.815292810999999801e+03
1.120000000000000000e+02 4.418518518518518290e-01 2.769338095000000067e+03
1.120000000000000000e+02 4.433333333333333015e-01 2.149355016999999862e+03
1.120000000000000000e+02 4.266666666666666385e-01 1.121043304999999918e+03
1.120000000000000000e+02 4.288888888888888751e-01 1.517748943999999938e+03
1.120000000000000000e+02 4.311111111111111116e-01 2.156919002000000091e+03
1.120000000000000000e+02 4.333333333333332926e-01 2.352573026999999911e+03
1.120000000000000000e+02 4.355555555555555292e-01 2.796481675999999879e+03
1.120000000000000000e+02 4.377777777777777657e-01 4.319368373999999676e+03
1.120000000000000000e+02 4.400000000000000022e-01 2.892302870999999868e+03
1.120000000000000000e+02 4.422222222222221832e-01 3.144131077999999889e+03
1.120000000000000000e+02 4.444444444444444198e-01 2.151827392000000145e+03
1.120000000000000000e+02 4.466666666666666563e-01 1.261643064000000095e+03
1.120000000000000000e+02 4.269444444444444597e-01 1.263335436999999956e+03
1.120000000000000000e+02 4.289814814814815191e-01 1.373198413000000073e+03
1.120000000000000000e+02 4.310185185185185230e-01 1.637982445999999982e+03
1.120000000000000000e+02 4.330555555555555824e-01 2.297959988000000067e+03
1.120000000000000000e+02 4.350925925925925863e-01 2.884233017999999902e+03
1.120000000000000000e+02 4.371296296296296457e-01 5.763429583000000093e+03
1.120000000000000000e+02 4.391666666666666496e-01 3.336089864999999918e+03
1.120000000000000000e+02 4.412037037037037090e-01 2.669584976999999981e+03
1.120000000000000000e+02 4.432407407407407129e-01 3.593175193000000036e+03
1.120000000000000000e+02 4.452777777777777724e-01 1.879448497999999972e+03
1.120000000000000000e+02 4.322453703703703631e-01 1.818223385999999891e+03
1.120000000000000000e+02 4.337114197530864135e-01 2.404234566999999970e+03
1.120000000000000000e+02 4.351774691358024638e-01 2.943244068999999854e+03
1.120000000000000000e+02 4.366435185185185142e-01 3.130356917000000067e+03
1.120000000000000000e+02 4.381095679012345645e-01 3.842459933000000092e+03
1.120000000000000000e+02 4.395756172839505593e-01 3.580138716999999815e+03
1.120000000000000000e+02 4.410416666666666097e-01 4.902931169000000409e+03
1.120000000000000000e+02 4.425077160493826600e-01 2.635086213999999927e+03
1.120000000000000000e+02 4.439737654320987104e-01 1.797171755000000076e+03
1.120000000000000000e+02 4.454398148148147607e-01 1.359255983999999899e+03
1.280000000000000000e+02 4.099999999999999756e-01 1.165441199000000097e+03
1.280000000000000000e+02 4.144444444444444486e-01 1.087353350000000091e+03
1.280000000000000000e+02 4.188888888888888662e-01 1.362084395999999970e+03
1.280000000000000000e+02 4.233333333333333393e-01 1.838099024000000099e+03
1.280000000000000000e+02 4.277777777777777568e-01 2.240357591999999840e+03
1.280000000000000000e+02 4.322222222222222299e-01 3.988185597000000143e+03
1.280000000000000000e+02 4.366666666666666474e-01 5.915924103999999716e+03
1.280000000000000000e+02 4.411111111111111205e-01 3.951709199999999782e+03
1.280000000000000000e+02 4.455555555555555935e-01 2.920607764999999745e+02
1.280000000000000000e+02 4.500000000000000111e-01 1.241317497999999944e+02
1.280000000000000000e+02 4.299999999999999933e-01 2.884766109000000142e+03
1.280000000000000000e+02 4.314814814814814659e-01 2.508082078999999794e+03
1.280000000000000000e+02 4.329629629629629384e-01 4.298347867999999835e+03
1.280000000000000000e+02 4.344444444444444109e-01 4.331203892999999880e+03
1.280000000000000000e+02 4.359259259259258834e-01 6.468677322999999888e+03
1.280000000000000000e+02 4.374074074074074114e-01 6.716198819999999614e+03
1.280000000000000000e+02 4.388888888888888840e-01 5.197841591999999764e+03
1.280000000000000000e+02 4.403703703703703565e-01 4.146246243999999933e+03
1.280000000000000000e+02 4.418518518518518290e-01 2.897779712000000018e+03
1.280000000000000000e+02 4.433333333333333015e-01 1.187297178999999915e+03
1.280000000000000000e+02 4.299999999999999933e-01 3.071432936000000154e+03
1.280000000000000000e+02 4.314814814814814659e-01 2.723718687999999929e+03
1.280000000000000000e+02 4.329629629629629384e-01 3.989108571000000211e+03
1.280000000000000000e+02 4.344444444444444109e-01 5.284815026000000216e+03
1.280000000000000000e+02 4.359259259259258834e-01 6.446380347000000256e+03
1.280000000000000000e+02 4.374074074074074114e-01 8.495865737000000081e+03
1.280000000000000000e+02 4.388888888888888840e-01 6.582876353999999992e+03
1.280000000000000000e+02 4.403703703703703565e-01 8.560508934999999838e+03
1.280000000000000000e+02 4.418518518518518290e-01 2.944688520000000153e+03
1.280000000000000000e+02 4.433333333333333015e-01 1.368672585999999910e+03
1.280000000000000000e+02 4.311111111111111116e-01 3.423647097000000031e+03
1.280000000000000000e+02 4.323456790123456628e-01 3.345147406999999930e+03
1.280000000000000000e+02 4.335802469135802140e-01 3.950885687999999845e+03
1.280000000000000000e+02 4.348148148148148207e-01 5.871397175000000061e+03
1.280000000000000000e+02 4.360493827160493718e-01 6.851400499000000309e+03
1.280000000000000000e+02 4.372839506172839230e-01 5.894491447999999764e+03
1.280000000000000000e+02 4.385185185185184742e-01 9.341710101999999097e+03
1.280000000000000000e+02 4.397530864197530809e-01 5.307416102999999566e+03
1.280000000000000000e+02 4.409876543209876321e-01 3.636619876000000204e+03
1.280000000000000000e+02 4.422222222222221832e-01 2.400762307999999848e+03
1.280000000000000000e+02 4.329629629629628829e-01 4.100932625999999800e+03
1.280000000000000000e+02 4.339506172839505682e-01 6.356363430000000335e+03
1.280000000000000000e+02 4.349382716049381981e-01 5.601141744999999901e+03
1.280000000000000000e+02 4.359259259259258834e-01 7.754644067000000177e+03
1.280000000000000000e+02 4.369135802469135132e-01 6.866423189000000093e+03
1.280000000000000000e+02 4.379012345679011986e-01 8.840244876999999178e+03
1.280000000000000000e+02 4.388888888888888284e-01 5.661227251000000251e+03
1.280000000000000000e+02 4.398765432098765138e-01 9.123446427999999287e+03
1.280000000000000000e+02 4.408641975308641436e-01 4.184451901000000362e+03
1.280000000000000000e+02 4.418518518518518290e-01 2.786496792999999798e+03
1.440000000000000000e+02 4.099999999999999756e-01 1.228615661999999929e+03
1.440000000000000000e+02 4.144444444444444486e-01 1.228221541999999999e+03
1.440000000000000000e+02 4.188888888888888662e-01 2.029029039000000012e+03
1.440000000000000000e+02 4.233333333333333393e-01 2.015852660000000014e+03
1.440000000000000000e+02 4.277777777777777568e-01 2.508417472000000089e+03
1.440000000000000000e+02 4.322222222222222299e-01 2.735405446000000211e+03
1.440000000000000000e+02 4.366666666666666474e-01 7.788182364999999663e+03
1.440000000000000000e+02 4.411111111111111205e-01 4.780507606000000123e+03
1.440000000000000000e+02 4.455555555555555935e-01 7.370392129000000523e+02
1.440000000000000000e+02 4.500000000000000111e-01 1.845558694000000060e+02
1.440000000000000000e+02 4.355555555555555292e-01 5.875095812999999907e+03
1.440000000000000000e+02 4.362962962962962932e-01 6.015436416999999892e+03
1.440000000000000000e+02 4.370370370370370017e-01 6.396186327999999776e+03
1.440000000000000000e+02 4.377777777777777657e-01 7.678465476000000308e+03
1.440000000000000000e+02 4.385185185185185297e-01 6.128257090000000062e+03
1.440000000000000000e+02 4.392592592592592382e-01 4.951934178999999858e+03
1.440000000000000000e+02 4.400000000000000022e-01 7.611351343999999699e+03
1.440000000000000000e+02 4.407407407407407662e-01 4.384287094999999681e+03
1.440000000000000000e+02 4.414814814814814747e-01 3.428615122000000156e+03
1.440000000000000000e+02 4.422222222222222388e-01 2.113763653999999860e+03
1.440000000000000000e+02 4.341666666666666452e-01 4.707341612999999597e+03
1.440000000000000000e+02 4.350925925925925863e-01 5.498150045000000318e+03
1.440000000000000000e+02 4.360185185185185275e-01 7.539649639000000207e+03
1.440000000000000000e+02 4.369444444444444686e-01 6.789465065999999752e+03
1.440000000000000000e+02 4.378703703703704098e-01 5.944036968000000343e+03
1.440000000000000000e+02 4.387962962962962954e-01 6.172587529000000359e+03
1.440000000000000000e+02 4.397222222222222365e-01 4.979428292999999940e+03
1.440000000000000000e+02 4.406481481481481777e-01 3.756346430999999939e+03
1.440000000000000000e+02 4.415740740740741188e-01 3.085482822999999826e+03
1.440000000000000000e+02 4.425000000000000600e-01 2.106166231000000153e+03
1.440000000000000000e+02 4.324305555555555403e-01 2.898692979999999807e+03
1.440000000000000000e+02 4.335879629629629806e-01 4.464954203000000234e+03
1.440000000000000000e+02 4.347453703703703654e-01 4.512317087999999785e+03
1.440000000000000000e+02 4.359027777777778057e-01 6.426007155999999668e+03
1.440000000000000000e+02 4.370601851851851904e-01 7.792698446999999760e+03
1.440000000000000000e+02 4.382175925925926308e-01 5.699517987000000176e+03
1.440000000000000000e+02 4.393750000000000155e-01 8.419093668999999863e+03
1.440000000000000000e+02 4.405324074074074558e-01 7.281443976999999904e+03
1.440000000000000000e+02 4.416898148148148406e-01 4.084786516000000120e+03
1.440000000000000000e+02 4.428472222222222809e-01 2.134954921000000013e+03
1.440000000000000000e+02 4.317071759259259456e-01 3.058652732000000015e+03
1.440000000000000000e+02 4.329610339506173022e-01 3.784884888000000046e+03
1.440000000000000000e+02 4.342148919753086589e-01 5.048604035999999724e+03
1.440000000000000000e+02 4.354687500000000155e-01 5.443880766999999651e+03
1.440000000000000000e+02 4.367226080246913722e-01 6.461765234000000419e+03
1.440000000000000000e+02 4.379764660493827289e-01 7.071789528000000246e+03
1.440000000000000000e+02 4.392303240740740855e-01 6.355166650999999547e+03
1.440000000000000000e+02 4.404841820987654422e-01 4.086511053000000175e+03
1.440000000000000000e+02 4.417380401234567988e-01 3.294793289000000186e+03
1.440000000000000000e+02 4.429918981481481555e-01 2.212888833999999861e+03
1.600000000000000000e+02 4.099999999999999756e-01 1.025784546000000091e+03
1.600000000000000000e+02 4.144444444444444486e-01 1.659236889000000019e+03
1.600000000000000000e+02 4.188888888888888662e-01 1.136160736999999926e+03
1.600000000000000000e+02 4.233333333333333393e-01 1.501513030999999955e+03
1.600000000000000000e+02 4.277777777777777568e-01 2.479237858999999844e+03
1.600000000000000000e+02 4.322222222222222299e-01 3.155651265999999850e+03
1.600000000000000000e+02 4.366666666666666474e-01 6.465968644999999924e+03
1.600000000000000000e+02 4.411111111111111205e-01 5.098208139000000301e+03
1.600000000000000000e+02 4.455555555555555935e-01 1.064887181000000055e+03
1.600000000000000000e+02 4.500000000000000111e-01 2.953782787999999755e+02
1.600000000000000000e+02 4.355555555555555292e-01 4.646423706999999922e+03
1.600000000000000000e+02 4.362962962962962932e-01 8.324486887999999453e+03
1.600000000000000000e+02 4.370370370370370017e-01 7.901880106999999953e+03
1.600000000000000000e+02 4.377777777777777657e-01 8.662450392999999167e+03
1.600000000000000000e+02 4.385185185185185297e-01 6.226274061000000074e+03
1.600000000000000000e+02 4.392592592592592382e-01 5.451096341999999822e+03
1.600000000000000000e+02 4.400000000000000022e-01 6.103473119999999653e+03
1.600000000000000000e+02 4.407407407407407662e-01 4.365095682000000124e+03
1.600000000000000000e+02 4.414814814814814747e-01 4.399038698000000295e+03
1.600000000000000000e+02 4.422222222222222388e-01 3.737488589999999931e+03
1.600000000000000000e+02 4.340740740740740566e-01 3.595586595000000216e+03
1.600000000000000000e+02 4.350617283950617420e-01 5.084534877000000051e+03
1.600000000000000000e+02 4.360493827160493718e-01 7.051239415000000008e+03
1.600000000000000000e+02 4.370370370370370572e-01 7.225335361000000375e+03
1.600000000000000000e+02 4.380246913580246870e-01 7.282895593999999619e+03
1.600000000000000000e+02 4.390123456790123724e-01 9.857023232999999891e+03
1.600000000000000000e+02 4.400000000000000022e-01 6.412012313000000177e+03
1.600000000000000000e+02 4.409876543209876876e-01 3.880261062999999922e+03
1.600000000000000000e+02 4.419753086419753174e-01 3.284620229000000108e+03
1.600000000000000000e+02 4.429629629629630028e-01 2.175181504000000132e+03
1.600000000000000000e+02 4.335493827160493696e-01 3.719927262000000155e+03
1.600000000000000000e+02 4.345576131687242660e-01 5.246841991999999664e+03
1.600000000000000000e+02 4.355658436213991624e-01 5.162317624000000251e+03
1.600000000000000000e+02 4.365740740740740589e-01 6.635648987999999918e+03
1.600000000000000000e+02 4.375823045267489553e-01 9.689373530999999275e+03
1.600000000000000000e+02 4.385905349794239072e-01 8.141473385000000235e+03
1.600000000000000000e+02 4.395987654320988036e-01 8.101388246000000436e+03
1.600000000000000000e+02 4.406069958847737000e-01 5.434442336000000068e+03
1.600000000000000000e+02 4.416152263374485964e-01 4.371505377999999837e+03
1.600000000000000000e+02 4.426234567901234929e-01 2.356032486999999946e+03
1.600000000000000000e+02 4.329192386831275385e-01 4.161635830000000169e+03
1.600000000000000000e+02 4.340114883401919865e-01 3.460322401999999784e+03
1.600000000000000000e+02 4.351037379972564900e-01 7.656654348000000027e+03
1.600000000000000000e+02 4.361959876543209380e-01 5.984924729999999727e+03
1.600000000000000000e+02 4.372882373113854415e-01 8.488320478999999978e+03
1.600000000000000000e+02 4.383804869684498895e-01 6.900349718000000394e+03
1.600000000000000000e+02 4.394727366255143930e-01 6.822026797999999872e+03
1.600000000000000000e+02 4.405649862825788410e-01 5.435446480999999949e+03
1.600000000000000000e+02 4.416572359396433445e-01 3.630611232000000200e+03
1.600000000000000000e+02 4.427494855967077925e-01 2.153746337000000040e+03
