3.200000000000000000e+01 4.099999999999999756e-01 2.253714505000000088e+02
3.200000000000000000e+01 4.144444444444444486e-01 2.359177023000000020e+02
3.200000000000000000e+01 4.188888888888888662e-01 2.885429851000000099e+02
3.200000000000000000e+01 4.233333333333333393e-01 2.818514228000000230e+02
3.200000000000000000e+01 4.277777777777777568e-01 3.484696786999999745e+02
3.200000000000000000e+01 4.322222222222222299e-01 3.724865676000000008e+02
3.200000000000000000e+01 4.366666666666666474e-01 2.678801199000000111e+02
3.200000000000000000e+01 4.411111111111111205e-01 1.601073634999999911e+02
3.200000000000000000e+01 4.455555555555555935e-01 1.625694072999999946e+02
3.200000000000000000e+01 4.500000000000000111e-01 7.097059751000000460e+01
3.200000000000000000e+01 4.033333333333333215e-01 1.404738099999999861e+02
3.200000000000000000e+01 4.077777777777777946e-01 2.115616320000000030e+02
3.200000000000000000e+01 4.122222222222222121e-01 2.112622939999999971e+02
3.200000000000000000e+01 4.166666666666666852e-01 3.157059778000000279e+02
3.200000000000000000e+01 4.211111111111111027e-01 2.505299588999999969e+02
3.200000000000000000e+01 4.255555555555555758e-01 3.060810897999999725e+02
3.200000000000000000e+01 4.299999999999999933e-01 3.884690193000000136e+02
3.200000000000000000e+01 4.344444444444444664e-01 2.982501950999999849e+02
3.200000000000000000e+01 4.388888888888888840e-01 2.204439662999999996e+02
3.200000000000000000e+01 4.433333333333333570e-01 1.718928362999999990e+02
3.200000000000000000e+01 4.000000000000000222e-01 1.040500701999999933e+02
3.200000000000000000e+01 4.051851851851852038e-01 1.590911710999999968e+02
3.200000000000000000e+01 4.103703703703703853e-01 2.088956027000000120e+02
3.200000000000000000e+01 4.155555555555555669e-01 2.534197919000000070e+02
3.200000000000000000e+01 4.207407407407407485e-01 3.395718587999999727e+02
3.200000000000000000e+01 4.259259259259259300e-01 3.741656206000000111e+02
3.200000000000000000e+01 4.311111111111111116e-01 4.296295397000000094e+02
3.200000000000000000e+01 4.362962962962962932e-01 3.074998979999999733e+02
3.200000000000000000e+01 4.414814814814814747e-01 2.029930881999999883e+02
3.200000000000000000e+01 4.466666666666666563e-01 9.451859301999999730e+01
3.200000000000000000e+01 4.027777777777777346e-01 1.368275462000000005e+02
3.200000000000000000e+01 4.075925925925925619e-01 1.936052235999999880e+02
3.200000000000000000e+01 4.124074074074073892e-01 2.257362383999999906e+02
3.200000000000000000e+01 4.172222222222221610e-01 2.952609241999999767e+02
3.200000000000000000e+01 4.220370370370369884e-01 3.267332698999999820e+02
3.200000000000000000e+01 4.268518518518518157e-01 3.634010147000000188e+02
3.200000000000000000e+01 4.316666666666666430e-01 4.224556479999999965e+02
3.200000000000000000e+01 4.364814814814814703e-01 2.649263576999999827e+02
3.200000000000000000e+01 4.412962962962962421e-01 2.162743982000000074e+02
3.200000000000000000e+01 4.461111111111110694e-01 1.264711855999999983e+02
3.200000000000000000e+01 4.021759259259258812e-01 1.527968836999999951e+02
3.200000000000000000e+01 4.073919753086419071e-01 1.775292206000000022e+02
3.200000000000000000e+01 4.126080246913579885e-01 2.450936848000000055e+02
3.200000000000000000e+01 4.178240740740740145e-01 2.749720719000000031e+02
3.200000000000000000e+01 4.230401234567900959e-01 3.080635341999999923e+02
3.200000000000000000e+01 4.282561728395061218e-01 3.777061133999999925e+02
3.200000000000000000e+01 4.334722222222222032e-01 3.839502931000000103e+02
3.200000000000000000e+01 4.386882716049382291e-01 2.085736071999999979e+02
3.200000000000000000e+01 4.439043209876543106e-01 1.552755758000000128e+02
3.200000000000000000e+01 4.491203703703703365e-01 7.381995700999999599e+01
4.800000000000000000e+01 4.099999999999999756e-01 3.002623379999999997e+02
4.800000000000000000e+01 4.144444444444444486e-01 3.186308718999999883e+02
4.800000000000000000e+01 4.188888888888888662e-01 4.971419718999999873e+02
4.800000000000000000e+01 4.233333333333333393e-01 4.450220676999999796e+02
4.800000000000000000e+01 4.277777777777777568e-01 6.111544036000000233e+02
4.800000000000000000e+01 4.322222222222222299e-01 5.631720675999999912e+02
4.800000000000000000e+01 4.366666666666666474e-01 6.529097329999999602e+02
4.800000000000000000e+01 4.411111111111111205e-01 5.725633334000000332e+02
4.800000000000000000e+01 4.455555555555555935e-01 5.297089545000000044e+02
4.800000000000000000e+01 4.500000000000000111e-01 2.509008618999999953e+02
4.800000000000000000e+01 4.122222222222221566e-01 2.962858625999999731e+02
4.800000000000000000e+01 4.166666666666666297e-01 3.546604497999999808e+02
4.800000000000000000e+01 4.211111111111111027e-01 3.562073307000000000e+02
4.800000000000000000e+01 4.255555555555555203e-01 5.494155243999999811e+02
4.800000000000000000e+01 4.299999999999999933e-01 6.788805446000000074e+02
4.800000000000000000e+01 4.344444444444444664e-01 5.904866941000000224e+02
4.800000000000000000e+01 4.388888888888889395e-01 5.234275992999999971e+02
4.800000000000000000e+01 4.433333333333333570e-01 5.683941038000000390e+02
4.800000000000000000e+01 4.477777777777778301e-01 4.646375464000000193e+02
4.800000000000000000e+01 4.522222222222223031e-01 3.866161817999999926e+02
4.800000000000000000e+01 4.077777777777776835e-01 2.126250795999999923e+02
4.800000000000000000e+01 4.137037037037036291e-01 2.170378562999999872e+02
4.800000000000000000e+01 4.196296296296295747e-01 4.230845615999999723e+02
4.800000000000000000e+01 4.255555555555555203e-01 5.374080576000000065e+02
4.800000000000000000e+01 4.314814814814814659e-01 5.579946995999999899e+02
4.800000000000000000e+01 4.374074074074074669e-01 6.827128575000000410e+02
4.800000000000000000e+01 4.433333333333334125e-01 5.874644634999999653e+02
4.800000000000000000e+01 4.492592592592593581e-01 2.841312856000000124e+02
4.800000000000000000e+01 4.551851851851853037e-01 2.254881627999999978e+02
4.800000000000000000e+01 4.611111111111112493e-01 1.069702185999999955e+02
4.800000000000000000e+01 4.077777777777776835e-01 1.949674877999999865e+02
4.800000000000000000e+01 4.137037037037036291e-01 2.624370319000000222e+02
4.800000000000000000e+01 4.196296296296295747e-01 3.204607616999999777e+02
4.800000000000000000e+01 4.255555555555555203e-01 4.467474291999999991e+02
4.800000000000000000e+01 4.314814814814814659e-01 7.004932695999999623e+02
4.800000000000000000e+01 4.374074074074074669e-01 5.336244059000000561e+02
4.800000000000000000e+01 4.433333333333334125e-01 5.407000163000000157e+02
4.800000000000000000e+01 4.492592592592593581e-01 3.081180292999999892e+02
4.800000000000000000e+01 4.551851851851853037e-01 1.945334504999999865e+02
4.800000000000000000e+01 4.611111111111112493e-01 1.082093718999999936e+02
4.800000000000000000e+01 4.077777777777776835e-01 2.110354150999999945e+02
4.800000000000000000e+01 4.137037037037036291e-01 2.860319382000000132e+02
4.800000000000000000e+01 4.196296296296295747e-01 2.996108634000000279e+02
4.800000000000000000e+01 4.255555555555555203e-01 4.074102915000000280e+02
4.800000000000000000e+01 4.314814814814814659e-01 5.243914482999999791e+02
4.800000000000000000e+01 4.374074074074074669e-01 5.836047658999999612e+02
4.800000000000000000e+01 4.433333333333334125e-01 4.568430703999999878e+02
4.800000000000000000e+01 4.492592592592593581e-01 2.836807170999999812e+02
4.800000000000000000e+01 4.551851851851853037e-01 1.740346618000000092e+02
4.800000000000000000e+01 4.611111111111112493e-01 9.153569138999999666e+01
6.400000000000000000e+01 4.099999999999999756e-01 3.333836885000000052e+02
6.400000000000000000e+01 4.144444444444444486e-01 3.900435438000000090e+02
6.400000000000000000e+01 4.188888888888888662e-01 7.627359783000000562e+02
6.400000000000000000e+01 4.233333333333333393e-01 7.632795819000000392e+02
6.400000000000000000e+01 4.277777777777777568e-01 1.256848040999999967e+03
6.400000000000000000e+01 4.322222222222222299e-01 1.517864915000000110e+03
6.400000000000000000e+01 4.366666666666666474e-01 1.329970855999999912e+03
6.400000000000000000e+01 4.411111111111111205e-01 7.541295591000000513e+02
6.400000000000000000e+01 4.455555555555555935e-01 3.221229978000000074e+02
6.400000000000000000e+01 4.500000000000000111e-01 1.091047779000000020e+02
6.400000000000000000e+01 4.144444444444443931e-01 3.656885052999999743e+02
6.400000000000000000e+01 4.174074074074073382e-01 5.223407465999999886e+02
6.400000000000000000e+01 4.203703703703703387e-01 5.713139040999999452e+02
6.400000000000000000e+01 4.233333333333332837e-01 9.730778947000000016e+02
6.400000000000000000e+01 4.262962962962962843e-01 1.014366893000000005e+03
6.400000000000000000e+01 4.292592592592592293e-01 1.503063030999999910e+03
6.400000000000000000e+01 4.322222222222222299e-01 1.668188983999999891e+03
6.400000000000000000e+01 4.351851851851851749e-01 2.986319801999999981e+03
6.400000000000000000e+01 4.381481481481481755e-01 1.245013468000000103e+03
6.400000000000000000e+01 4.411111111111111205e-01 1.062571204000000080e+03
6.400000000000000000e+01 4.277777777777777013e-01 1.216589224000000058e+03
6.400000000000000000e+01 4.287654320987653866e-01 1.122081631000000016e+03
6.400000000000000000e+01 4.297530864197530165e-01 1.247211845999999923e+03
6.400000000000000000e+01 4.307407407407407018e-01 1.270185118000000102e+03
6.400000000000000000e+01 4.317283950617283317e-01 1.540227296000000024e+03
6.400000000000000000e+01 4.327160493827160170e-01 1.490458233999999948e+03
6.400000000000000000e+01 4.337037037037036469e-01 1.708386349000000109e+03
6.400000000000000000e+01 4.346913580246913322e-01 1.748353873999999905e+03
6.400000000000000000e+01 4.356790123456789621e-01 1.476917572000000064e+03
6.400000000000000000e+01 4.366666666666666474e-01 1.560923739999999952e+03
6.400000000000000000e+01 4.274074074074073470e-01 1.159654510999999957e+03
6.400000000000000000e+01 4.286419753086418982e-01 1.160413945000000012e+03
6.400000000000000000e+01 4.298765432098765049e-01 1.410059614999999894e+03
6.400000000000000000e+01 4.311111111111110561e-01 1.928763388999999961e+03
6.400000000000000000e+01 4.323456790123456628e-01 1.581413733999999977e+03
6.400000000000000000e+01 4.335802469135802140e-01 1.966329486999999972e+03
6.400000000000000000e+01 4.348148148148148207e-01 1.902775190999999950e+03
6.400000000000000000e+01 4.360493827160493718e-01 1.461338128999999981e+03
6.400000000000000000e+01 4.372839506172839785e-01 1.211502930000000106e+03
6.400000000000000000e+01 4.385185185185185297e-01 1.614472342000000026e+03
6.400000000000000000e+01 4.269444444444444042e-01 9.898454517999999780e+02
6.400000000000000000e+01 4.284876543209876210e-01 1.039813507000000072e+03
6.400000000000000000e+01 4.300308641975308377e-01 1.413358154999999897e+03
6.400000000000000000e+01 4.315740740740740544e-01 1.665329897999999957e+03
6.400000000000000000e+01 4.331172839506172711e-01 1.995495235999999977e+03
6.400000000000000000e+01 4.346604938271604879e-01 2.056761899000000085e+03
6.400000000000000000e+01 4.362037037037037046e-01 1.366788303999999926e+03
6.400000000000000000e+01 4.377469135802469213e-01 1.897790318999999954e+03
6.400000000000000000e+01 4.392901234567901381e-01 9.969399167999999918e+02
6.400000000000000000e+01 4.408333333333333548e-01 1.043179169000000002e+03
8.000000000000000000e+01 4.099999999999999756e-01 4.219470769000000132e+02
8.000000000000000000e+01 4.144444444444444486e-01 6.494033256000000165e+02
8.000000000000000000e+01 4.188888888888888662e-01 4.306202658000000270e+02
8.000000000000000000e+01 4.233333333333333393e-01 8.621092582999999649e+02
8.000000000000000000e+01 4.277777777777777568e-01 7.807797127000000046e+02
8.000000000000000000e+01 4.322222222222222299e-01 1.551075634000000036e+03
8.000000000000000000e+01 4.366666666666666474e-01 1.589530068000000028e+03
8.000000000000000000e+01 4.411111111111111205e-01 2.207635008000000198e+03
8.000000000000000000e+01 4.455555555555555935e-01 1.142877279000000044e+03
8.000000000000000000e+01 4.500000000000000111e-01 5.883459827000000359e+02
8.000000000000000000e+01 4.288888888888888751e-01 1.054356923999999935e+03
8.000000000000000000e+01 4.311111111111111116e-01 1.041403753999999935e+03
8.000000000000000000e+01 4.333333333333333481e-01 1.927330848000000060e+03
8.000000000000000000e+01 4.355555555555555292e-01 1.513204015999999910e+03
8.000000000000000000e+01 4.377777777777777657e-01 1.703348475000000008e+03
8.000000000000000000e+01 4.400000000000000022e-01 1.921914099000000078e+03
8.000000000000000000e+01 4.422222222222222388e-01 1.814878230000000030e+03
8.000000000000000000e+01 4.444444444444444198e-01 1.419276595000000043e+03
8.000000000000000000e+01 4.466666666666666563e-01 1.224625561000000062e+03
8.000000000000000000e+01 4.488888888888888928e-01 1.255395070999999916e+03
8.000000000000000000e+01 4.280555555555555780e-01 9.686417215000000169e+02
8.000000000000000000e+01 4.308333333333333459e-01 1.341439791000000014e+03
8.000000000000000000e+01 4.336111111111111138e-01 1.667740403999999899e+03
8.000000000000000000e+01 4.363888888888889372e-01 1.630369282999999996e+03
8.000000000000000000e+01 4.391666666666667052e-01 2.053176715999999942e+03
8.000000000000000000e+01 4.419444444444444731e-01 1.920698478999999907e+03
8.000000000000000000e+01 4.447222222222222410e-01 1.331741577000000007e+03
8.000000000000000000e+01 4.475000000000000089e-01 1.196502909000000045e+03
8.000000000000000000e+01 4.502777777777778323e-01 6.612741211999999678e+02
8.000000000000000000e+01 4.530555555555556002e-01 3.980842827999999827e+02
8.000000000000000000e+01 4.263194444444444731e-01 8.259357112000000143e+02
8.000000000000000000e+01 4.293287037037037401e-01 1.201596978000000036e+03
8.000000000000000000e+01 4.323379629629630072e-01 1.289809768999999960e+03
8.000000000000000000e+01 4.353472222222222743e-01 1.826182031999999936e+03
8.000000000000000000e+01 4.383564814814815414e-01 2.449676049000000148e+03
8.000000000000000000e+01 4.413657407407407529e-01 1.624408905999999888e+03
8.000000000000000000e+01 4.443750000000000200e-01 1.355854125999999951e+03
8.000000000000000000e+01 4.473842592592592871e-01 9.872750627000000350e+02
8.000000000000000000e+01 4.503935185185185541e-01 7.130948527000000468e+02
8.000000000000000000e+01 4.534027777777778212e-01 2.669253072000000202e+02
8.000000000000000000e+01 4.263194444444444731e-01 1.237843470000000025e+03
8.000000000000000000e+01 4.293287037037037401e-01 1.257928668000000016e+03
8.000000000000000000e+01 4.323379629629630072e-01 1.423665236999999934e+03
8.000000000000000000e+01 4.353472222222222743e-01 1.511557293999999956e+03
8.000000000000000000e+01 4.383564814814815414e-01 1.802769937999999911e+03
8.000000000000000000e+01 4.413657407407407529e-01 1.618831257999999934e+03
8.000000000000000000e+01 4.443750000000000200e-01 1.461001083000000108e+03
8.000000000000000000e+01 4.473842592592592871e-01 8.830174404000000550e+02
8.000000000000000000e+01 4.503935185185185541e-01 4.589567448000000240e+02
8.000000000000000000e+01 4.534027777777778212e-01 3.284088264000000095e+02
9.600000000000000000e+01 4.099999999999999756e-01 9.646467158000000381e+02
9.600000000000000000e+01 4.144444444444444486e-01 9.133214156999999886e+02
9.600000000000000000e+01 4.188888888888888662e-01 6.292159424999999828e+02
9.600000000000000000e+01 4.233333333333333393e-01 9.033867983000000095e+02
9.600000000000000000e+01 4.277777777777777568e-01 1.381337604000000056e+03
9.600000000000000000e+01 4.322222222222222299e-01 1.954942217999999912e+03
9.600000000000000000e+01 4.366666666666666474e-01 2.675091798999999810e+03
9.600000000000000000e+01 4.411111111111111205e-01 1.976013605000000098e+03
9.600000000000000000e+01 4.455555555555555935e-01 6.855575463999999783e+02
9.600000000000000000e+01 4.500000000000000111e-01 2.009348273999999890e+02
9.600000000000000000e+01 4.244444444444444020e-01 1.265453420999999935e+03
9.600000000000000000e+01 4.266666666666666385e-01 1.134972547999999961e+03
9.600000000000000000e+01 4.288888888888888751e-01 1.509238254999999981e+03
9.600000000000000000e+01 4.311111111111110561e-01 1.783958761999999979e+03
9.600000000000000000e+01 4.333333333333332926e-01 2.415961010999999871e+03
9.600000000000000000e+01 4.355555555555555292e-01 2.486965618000000177e+03
9.600000000000000000e+01 4.377777777777777657e-01 3.055253168000000187e+03
9.600000000000000000e+01 4.399999999999999467e-01 3.008416583000000173e+03
9.600000000000000000e+01 4.422222222222221832e-01 1.278503615000000082e+03
9.600000000000000000e+01 4.444444444444444198e-01 7.914079202000000350e+02
9.600000000000000000e+01 4.286111111111110539e-01 1.933502263999999968e+03
9.600000000000000000e+01 4.302777777777777590e-01 1.946475298999999950e+03
9.600000000000000000e+01 4.319444444444444087e-01 2.061520073000000139e+03
9.600000000000000000e+01 4.336111111111111138e-01 2.605983798000000206e+03
9.600000000000000000e+01 4.352777777777777635e-01 2.226427263000000039e+03
9.600000000000000000e+01 4.369444444444444686e-01 2.506052728000000116e+03
9.600000000000000000e+01 4.386111111111111183e-01 2.116835055000000011e+03
9.600000000000000000e+01 4.402777777777778234e-01 1.654632031000000097e+03
9.600000000000000000e+01 4.419444444444444731e-01 2.499553729000000203e+03
9.600000000000000000e+01 4.436111111111111782e-01 1.000849679000000037e+03
9.600000000000000000e+01 4.252777777777776991e-01 9.987401210000000447e+02
9.600000000000000000e+01 4.274999999999999356e-01 1.238030933000000005e+03
9.600000000000000000e+01 4.297222222222221721e-01 2.109841659000000163e+03
9.600000000000000000e+01 4.319444444444444087e-01 2.141233537999999953e+03
9.600000000000000000e+01 4.341666666666666452e-01 2.104752284000000145e+03
9.600000000000000000e+01 4.363888888888888817e-01 3.331971626000000015e+03
9.600000000000000000e+01 4.386111111111111183e-01 2.103490509000000202e+03
9.600000000000000000e+01 4.408333333333333548e-01 1.813459325999999919e+03
9.600000000000000000e+01 4.430555555555555913e-01 1.059212796000000026e+03
9.600000000000000000e+01 4.452777777777778279e-01 6.193771752000000106e+02
9.600000000000000000e+01 4.252777777777776991e-01 1.427635755000000017e+03
9.600000000000000000e+01 4.274999999999999356e-01 1.329169773999999961e+03
9.600000000000000000e+01 4.297222222222221721e-01 1.582290351999999984e+03
9.600000000000000000e+01 4.319444444444444087e-01 1.926629241999999977e+03
9.600000000000000000e+01 4.341666666666666452e-01 2.839712685999999849e+03
9.600000000000000000e+01 4.363888888888888817e-01 2.174528413000000000e+03
9.600000000000000000e+01 4.386111111111111183e-01 2.191598994999999832e+03
9.600000000000000000e+01 4.408333333333333548e-01 2.072892244000000119e+03
9.600000000000000000e+01 4.430555555555555913e-01 1.396418443999999909e+03
9.600000000000000000e+01 4.452777777777778279e-01 8.241982129000000441e+02
1.120000000000000000e+02 4.099999999999999756e-01 6.703523728000000119e+02
1.120000000000000000e+02 4.144444444444444486e-01 6.484022267999999940e+02
1.120000000000000000e+02 4.188888888888888662e-01 1.084306387999999970e+03
1.120000000000000000e+02 4.233333333333333393e-01 1.155556916000000001e+03
1.120000000000000000e+02 4.277777777777777568e-01 1.399030488999999989e+03
1.120000000000000000e+02 4.322222222222222299e-01 2.670191025999999965e+03
1.120000000000000000e+02 4.366666666666666474e-01 3.284518085000000156e+03
1.120000000000000000e+02 4.411111111111111205e-01 2.652511778999999933e+03
1.120000000000000000e+02 4.455555555555555935e-01 1.911200702000000092e+03
1.120000000000000000e+02 4.500000000000000111e-01 5.835781488999999738e+02
1.120000000000000000e+02 4.288888888888888751e-01 1.530019782000000077e+03
1.120000000000000000e+02 4.311111111111111116e-01 1.778276689999999917e+03
1.120000000000000000e+02 4.333333333333333481e-01 3.751074603000000025e+03
1.120000000000000000e+02 4.355555555555555292e-01 2.609150599000000057e+03
1.120000000000000000e+02 4.377777777777777657e-01 3.535880282999999963e+03
1.120000000000000000e+02 4.400000000000000022e-01 3.549943679999999858e+03
1.120000000000000000e+02 4.422222222222222388e-01 2.612926990999999816e+03
1.120000000000000000e+02 4.444444444444444198e-01 1.726530283000000054e+03
1.120000000000000000e+02 4.466666666666666563e-01 1.237112834000000021e+03
1.120000000000000000e+02 4.488888888888888928e-01 7.077768581999999924e+02
1.120000000000000000e+02 4.288888888888888751e-01 2.232395282999999836e+03
1.120000000000000000e+02 4.311111111111111116e-01 1.945644252999999935e+03
1.120000000000000000e+02 4.333333333333333481e-01 2.255678014999999959e+03
1.120000000000000000e+02 4.355555555555555292e-01 2.850014533000000029e+03
1.120000000000000000e+02 4.377777777777777657e-01 3.426757587999999942e+03
1.120000000000000000e+02 4.400000000000000022e-01 3.150326187000000118e+03
1.120000000000000000e+02 4.422222222222222388e-01 2.924677467999999863e+03
1.120000000000000000e+02 4.444444444444444198e-01 1.856469317000000046e+03
1.120000000000000000e+02 4.466666666666666563e-01 1.375525086000000101e+03
1.120000000000000000e+02 4.488888888888888928e-01 7.521785184999999956e+02
1.120000000000000000e+02 4.247222222222222232e-01 8.662916711000000305e+02
1.120000000000000000e+02 4.274999999999999911e-01 1.092324726000000055e+03
1.120000000000000000e+02 4.302777777777777590e-01 1.671000927999999931e+03
1.120000000000000000e+02 4.330555555555555824e-01 1.915742514999999912e+03
1.120000000000000000e+02 4.358333333333333504e-01 3.306876827999999932e+03
1.120000000000000000e+02 4.386111111111111183e-01 5.032206229999999778e+03
1.120000000000000000e+02 4.413888888888888862e-01 2.676437463000000207e+03
1.120000000000000000e+02 4.441666666666667096e-01 2.316866954999999962e+03
1.120000000000000000e+02 4.469444444444444775e-01 1.304996261000000004e+03
1.120000000000000000e+02 4.497222222222222454e-01 5.766427668999999696e+02
1.120000000000000000e+02 4.297222222222222276e-01 1.901769407000000001e+03
1.120000000000000000e+02 4.313888888888888773e-01 3.004163554000000204e+03
1.120000000000000000e+02 4.330555555555555824e-01 2.618009090000000015e+03
1.120000000000000000e+02 4.347222222222222321e-01 3.203448083000000224e+03
1.120000000000000000e+02 4.363888888888888817e-01 3.221643214000000171e+03
1.120000000000000000e+02 4.380555555555555869e-01 2.847361311999999998e+03
1.120000000000000000e+02 4.397222222222222365e-01 3.411847436000000016e+03
1.120000000000000000e+02 4.413888888888888862e-01 2.830894401999999900e+03
1.120000000000000000e+02 4.430555555555555913e-01 2.336700589000000036e+03
1.120000000000000000e+02 4.447222222222222410e-01 1.737075446999999940e+03
1.280000000000000000e+02 4.099999999999999756e-01 1.449888750999999957e+03
1.280000000000000000e+02 4.144444444444444486e-01 1.126256840000000011e+03
1.280000000000000000e+02 4.188888888888888662e-01 1.181179630999999972e+03
1.280000000000000000e+02 4.233333333333333393e-01 1.103815691000000015e+03
1.280000000000000000e+02 4.277777777777777568e-01 2.307093770999999833e+03
1.280000000000000000e+02 4.322222222222222299e-01 3.917953515000000152e+03
1.280000000000000000e+02 4.366666666666666474e-01 8.760422200000000885e+03
1.280000000000000000e+02 4.411111111111111205e-01 3.321915704999999889e+03
1.280000000000000000e+02 4.455555555555555935e-01 3.363027749999999969e+02
1.280000000000000000e+02 4.500000000000000111e-01 1.105090115999999938e+02
1.280000000000000000e+02 4.333333333333332926e-01 4.671792765000000145e+03
1.280000000000000000e+02 4.340740740740740566e-01 5.224478799999999865e+03
1.280000000000000000e+02 4.348148148148147651e-01 4.487582784000000174e+03
1.280000000000000000e+02 4.355555555555555292e-01 5.595960258000000067e+03
1.280000000000000000e+02 4.362962962962962932e-01 7.835902165000000423e+03
1.280000000000000000e+02 4.370370370370370017e-01 9.013196615999999267e+03
1.280000000000000000e+02 4.377777777777777657e-01 8.572307344000000739e+03
1.280000000000000000e+02 4.385185185185185297e-01 7.502380420000000413e+03
1.280000000000000000e+02 4.392592592592592382e-01 6.734348269000000073e+03
1.280000000000000000e+02 4.400000000000000022e-01 6.488535229000000072e+03
1.280000000000000000e+02 4.316666666666666430e-01 3.108544225999999981e+03
1.280000000000000000e+02 4.327777777777777612e-01 4.559674672000000101e+03
1.280000000000000000e+02 4.338888888888888795e-01 4.611237350000000333e+03
1.280000000000000000e+02 4.349999999999999978e-01 5.542196802000000389e+03
1.280000000000000000e+02 4.361111111111111160e-01 8.759840340999999171e+03
1.280000000000000000e+02 4.372222222222221788e-01 9.605452525000000605e+03
1.280000000000000000e+02 4.383333333333332971e-01 6.470021891000000323e+03
1.280000000000000000e+02 4.394444444444444153e-01 4.826692258000000038e+03
1.280000000000000000e+02 4.405555555555555336e-01 4.811691246000000319e+03
1.280000000000000000e+02 4.416666666666666519e-01 3.027561787000000095e+03
1.280000000000000000e+02 4.324537037037037290e-01 3.089962011999999959e+03
1.280000000000000000e+02 4.335339506172839474e-01 3.981642868999999791e+03
1.280000000000000000e+02 4.346141975308642214e-01 5.264673700999999710e+03
1.280000000000000000e+02 4.356944444444444398e-01 5.219003741000000446e+03
1.280000000000000000e+02 4.367746913580247137e-01 6.650419377999999597e+03
1.280000000000000000e+02 4.378549382716049321e-01 9.025042589000000589e+03
1.280000000000000000e+02 4.389351851851852060e-01 7.006345148000000336e+03
1.280000000000000000e+02 4.400154320987654244e-01 4.484356297999999697e+03
1.280000000000000000e+02 4.410956790123456983e-01 3.267247401999999965e+03
1.280000000000000000e+02 4.421759259259259167e-01 2.233525947999999971e+03
1.280000000000000000e+02 4.324537037037037290e-01 4.588479811000000154e+03
1.280000000000000000e+02 4.335339506172839474e-01 4.701910476000000017e+03
1.280000000000000000e+02 4.346141975308642214e-01 5.022813202999999703e+03
1.280000000000000000e+02 4.356944444444444398e-01 5.242806775000000016e+03
1.280000000000000000e+02 4.367746913580247137e-01 6.157917411999999786e+03
1.280000000000000000e+02 4.378549382716049321e-01 6.426656855000000178e+03
1.280000000000000000e+02 4.389351851851852060e-01 6.587429632000000311e+03
1.280000000000000000e+02 4.400154320987654244e-01 5.253750673999999890e+03
1.280000000000000000e+02 4.410956790123456983e-01 4.817396298999999999e+03
1.280000000000000000e+02 4.421759259259259167e-01 2.672050510999999915e+03
1.440000000000000000e+02 4.099999999999999756e-01 9.025498098000000482e+02
1.440000000000000000e+02 4.144444444444444486e-01 1.001248830999999996e+03
1.440000000000000000e+02 4.188888888888888662e-01 1.353967986999999994e+03
1.440000000000000000e+02 4.233333333333333393e-01 1.941310784999999896e+03
1.440000000000000000e+02 4.277777777777777568e-01 2.377694532999999865e+03
1.440000000000000000e+02 4.322222222222222299e-01 3.165736739999999827e+03
1.440000000000000000e+02 4.366666666666666474e-01 5.177885608999999931e+03
1.440000000000000000e+02 4.411111111111111205e-01 3.997699180999999953e+03
1.440000000000000000e+02 4.455555555555555935e-01 7.092713430999999673e+02
1.440000000000000000e+02 4.500000000000000111e-01 2.028874987000000090e+02
1.440000000000000000e+02 4.299999999999999933e-01 2.701343796999999995e+03
1.440000000000000000e+02 4.314814814814814659e-01 2.641208958000000166e+03
1.440000000000000000e+02 4.329629629629629384e-01 3.722089582999999948e+03
1.440000000000000000e+02 4.344444444444444109e-01 4.587355273000000125e+03
1.440000000000000000e+02 4.359259259259258834e-01 5.353712518000000273e+03
1.440000000000000000e+02 4.374074074074074114e-01 5.579491829999999936e+03
1.440000000000000000e+02 4.388888888888888840e-01 5.484638944999999694e+03
1.440000000000000000e+02 4.403703703703703565e-01 4.296108849999999620e+03
1.440000000000000000e+02 4.418518518518518290e-01 3.537094888000000083e+03
1.440000000000000000e+02 4.433333333333333015e-01 1.477461086999999907e+03
1.440000000000000000e+02 4.298148148148148162e-01 2.088325345000000198e+03
1.440000000000000000e+02 4.314197530864197216e-01 3.053743038999999953e+03
1.440000000000000000e+02 4.330246913580246826e-01 2.753737317000000075e+03
1.440000000000000000e+02 4.346296296296295880e-01 4.510329009000000042e+03
1.440000000000000000e+02 4.362345679012345490e-01 6.754992073999999775e+03
1.440000000000000000e+02 4.378395061728394544e-01 7.927051940000000286e+03
1.440000000000000000e+02 4.394444444444444153e-01 5.036209445000000414e+03
1.440000000000000000e+02 4.410493827160493208e-01 3.131395024999999805e+03
1.440000000000000000e+02 4.426543209876542817e-01 2.656773314000000028e+03
1.440000000000000000e+02 4.442592592592591871e-01 1.137882188999999926e+03
1.440000000000000000e+02 4.327777777777777057e-01 3.729321436000000176e+03
1.440000000000000000e+02 4.338888888888888240e-01 4.263367481999999654e+03
1.440000000000000000e+02 4.349999999999999423e-01 5.481306265999999596e+03
1.440000000000000000e+02 4.361111111111110605e-01 5.246043251000000055e+03
1.440000000000000000e+02 4.372222222222221788e-01 7.965173005999999987e+03
1.440000000000000000e+02 4.383333333333333526e-01 1.001984026000000085e+04
1.440000000000000000e+02 4.394444444444444708e-01 6.029902165000000423e+03
1.440000000000000000e+02 4.405555555555555891e-01 6.642868282000000363e+03
1.440000000000000000e+02 4.416666666666667074e-01 2.692539682000000084e+03
1.440000000000000000e+02 4.427777777777778256e-01 2.506935664999999972e+03
1.440000000000000000e+02 4.336111111111110583e-01 4.248392119000000093e+03
1.440000000000000000e+02 4.345370370370369995e-01 8.232359387000000424e+03
1.440000000000000000e+02 4.354629629629629406e-01 4.803159655999999814e+03
1.440000000000000000e+02 4.363888888888888817e-01 6.058741955000000416e+03
1.440000000000000000e+02 4.373148148148148229e-01 4.963597447000000102e+03
1.440000000000000000e+02 4.382407407407407085e-01 7.742099416000000019e+03
1.440000000000000000e+02 4.391666666666666496e-01 5.345008662999999615e+03
1.440000000000000000e+02 4.400925925925925908e-01 4.862796424000000115e+03
1.440000000000000000e+02 4.410185185185185319e-01 4.621523415999999997e+03
1.440000000000000000e+02 4.419444444444444731e-01 3.474535186999999951e+03
1.600000000000000000e+02 4.099999999999999756e-01 1.595946517000000085e+03
1.600000000000000000e+02 4.144444444444444486e-01 1.766816902000000027e+03
1.600000000000000000e+02 4.188888888888888662e-01 1.602089197999999897e+03
1.600000000000000000e+02 4.233333333333333393e-01 2.175604355999999825e+03
1.600000000000000000e+02 4.277777777777777568e-01 2.027528391000000056e+03
1.600000000000000000e+02 4.322222222222222299e-01 3.123651714999999967e+03
1.600000000000000000e+02 4.366666666666666474e-01 1.072567142000000058e+04
1.600000000000000000e+02 4.411111111111111205e-01 5.181221292000000176e+03
1.600000000000000000e+02 4.455555555555555935e-01 1.105545775000000049e+03
1.600000000000000000e+02 4.500000000000000111e-01 2.642006461999999942e+02
1.600000000000000000e+02 4.333333333333332926e-01 4.576924748999999792e+03
1.600000000000000000e+02 4.340740740740740566e-01 4.203970183999999790e+03
1.600000000000000000e+02 4.348148148148147651e-01 4.537263557999999648e+03
1.600000000000000000e+02 4.355555555555555292e-01 6.585188232000000426e+03
1.600000000000000000e+02 4.362962962962962932e-01 8.046911380999999892e+03
1.600000000000000000e+02 4.370370370370370017e-01 6.237766257000000223e+03
1.600000000000000000e+02 4.377777777777777657e-01 8.147566675000000032e+03
1.600000000000000000e+02 4.385185185185185297e-01 8.391552695000000313e+03
1.600000000000000000e+02 4.392592592592592382e-01 1.104179341000000022e+04
1.600000000000000000e+02 4.400000000000000022e-01 5.527663078999999925e+03
1.600000000000000000e+02 4.344444444444444109e-01 5.702729204999999638e+03
1.600000000000000000e+02 4.351851851851851749e-01 7.128253996999999799e+03
1.600000000000000000e+02 4.359259259259258834e-01 8.153075791999999637e+03
1.600000000000000000e+02 4.366666666666666474e-01 8.899928316999999879e+03
1.600000000000000000e+02 4.374074074074074114e-01 5.877267265000000407e+03
1.600000000000000000e+02 4.381481481481481199e-01 5.570628539000000274e+03
1.600000000000000000e+02 4.388888888888888840e-01 1.055148316999999952e+04
1.600000000000000000e+02 4.396296296296296480e-01 5.618855112999999619e+03
1.600000000000000000e+02 4.403703703703703565e-01 6.673633488000000398e+03
1.600000000000000000e+02 4.411111111111111205e-01 5.502518989000000147e+03
1.600000000000000000e+02 4.329629629629628829e-01 3.492969947999999931e+03
1.600000000000000000e+02 4.339506172839505682e-01 5.218234285000000455e+03
1.600000000000000000e+02 4.349382716049381981e-01 5.126611899999999878e+03
1.600000000000000000e+02 4.359259259259258834e-01 5.214881660000000011e+03
1.600000000000000000e+02 4.369135802469135132e-01 6.500882456999999704e+03
1.600000000000000000e+02 4.379012345679011986e-01 6.726811369000000013e+03
1.600000000000000000e+02 4.388888888888888284e-01 8.052147871000000123e+03
1.600000000000000000e+02 4.398765432098765138e-01 6.544739148999999998e+03
1.600000000000000000e+02 4.408641975308641436e-01 4.073206372000000101e+03
1.600000000000000000e+02 4.418518518518518290e-01 3.296747905000000173e+03
1.600000000000000000e+02 4.329629629629628829e-01 4.072454983000000084e+03
1.600000000000000000e+02 4.339506172839505682e-01 5.699568403000000217e+03
1.600000000000000000e+02 4.349382716049381981e-01 5.259156911000000036e+03
1.600000000000000000e+02 4.359259259259258834e-01 7.057481917000000067e+03
1.600000000000000000e+02 4.369135802469135132e-01 6.238451057000000219e+03
1.600000000000000000e+02 4.379012345679011986e-01 7.241145857999999862e+03
1.600000000000000000e+02 4.388888888888888284e-01 1.105229053000000022e+04
1.600000000000000000e+02 4.398765432098765138e-01 6.974731939000000239e+03
1.600000000000000000e+02 4.408641975308641436e-01 5.329224455999999918e+03
1.600000000000000000e+02 4.418518518518518290e-01 3.938733673000000181e+03
