3.200000000000000000e+01 4.099999999999999756e-01 2.617358164999999985e+02
3.200000000000000000e+01 4.144444444444444486e-01 2.440175557000000026e+02
3.200000000000000000e+01 4.188888888888888662e-01 2.755498289999999884e+02
3.200000000000000000e+01 4.233333333333333393e-01 4.313749672999999802e+02
3.200000000000000000e+01 4.277777777777777568e-01 3.165027764000000161e+02
3.200000000000000000e+01 4.322222222222222299e-01 3.686471579000000247e+02
3.200000000000000000e+01 4.366666666666666474e-01 3.480612224999999853e+02
3.200000000000000000e+01 4.411111111111111205e-01 2.025538564000000008e+02
3.200000000000000000e+01 4.455555555555555935e-01 1.261095696000000004e+02
3.200000000000000000e+01 4.500000000000000111e-01 6.963395241000000624e+01
3.200000000000000000e+01 4.033333333333333215e-01 1.419263120999999899e+02
3.200000000000000000e+01 4.077777777777777946e-01 1.961474595999999906e+02
3.200000000000000000e+01 4.122222222222222121e-01 1.972413971999999944e+02
3.200000000000000000e+01 4.166666666666666852e-01 2.857612401999999747e+02
3.200000000000000000e+01 4.211111111111111027e-01 3.377395889000000011e+02
3.200000000000000000e+01 4.255555555555555758e-01 4.837429589999999848e+02
3.200000000000000000e+01 4.299999999999999933e-01 3.660729296000000090e+02
3.200000000000000000e+01 4.344444444444444664e-01 3.178000708000000145e+02
3.200000000000000000e+01 4.388888888888888840e-01 2.469280664000000058e+02
3.200000000000000000e+01 4.433333333333333570e-01 1.557658319999999890e+02
3.200000000000000000e+01 4.027777777777777346e-01 1.453763815000000079e+02
3.200000000000000000e+01 4.075925925925925619e-01 1.651700782000000061e+02
3.200000000000000000e+01 4.124074074074073892e-01 1.799440893000000017e+02
3.200000000000000000e+01 4.172222222222221610e-01 2.921620292000000063e+02
3.200000000000000000e+01 4.220370370370369884e-01 3.418379289999999742e+02
3.200000000000000000e+01 4.268518518518518157e-01 4.409753362999999808e+02
3.200000000000000000e+01 4.316666666666666430e-01 3.418932260999999926e+02
3.200000000000000000e+01 4.364814814814814703e-01 2.920866260999999895e+02
3.200000000000000000e+01 4.412962962962962421e-01 1.780031660999999872e+02
3.200000000000000000e+01 4.461111111111110694e-01 1.414432338000000016e+02
3.200000000000000000e+01 4.027777777777777346e-01 1.543901671000000135e+02
3.200000000000000000e+01 4.075925925925925619e-01 1.756489535000000046e+02
3.200000000000000000e+01 4.124074074074073892e-01 2.705475129000000152e+02
3.200000000000000000e+01 4.172222222222221610e-01 2.217767484999999965e+02
3.200000000000000000e+01 4.220370370370369884e-01 3.040353392999999755e+02
3.200000000000000000e+01 4.268518518518518157e-01 3.633300965999999903e+02
3.200000000000000000e+01 4.316666666666666430e-01 3.219256967000000031e+02
3.200000000000000000e+01 4.364814814814814703e-01 2.509472029000000077e+02
3.200000000000000000e+01 4.412962962962962421e-01 1.715242130000000031e+02
3.200000000000000000e+01 4.461111111111110694e-01 1.120996798000000041e+02
3.200000000000000000e+01 4.027777777777777346e-01 1.396557908999999995e+02
3.200000000000000000e+01 4.075925925925925619e-01 1.947545440000000099e+02
3.200000000000000000e+01 4.124074074074073892e-01 1.897114751999999953e+02
3.200000000000000000e+01 4.172222222222221610e-01 2.406988717000000122e+02
3.200000000000000000e+01 4.220370370370369884e-01 4.959580925000000207e+02
3.200000000000000000e+01 4.268518518518518157e-01 3.434608958000000030e+02
3.200000000000000000e+01 4.316666666666666430e-01 3.140918096999999989e+02
3.200000000000000000e+01 4.364814814814814703e-01 2.673050769999999829e+02
3.200000000000000000e+01 4.412962962962962421e-01 1.909685427999999945e+02
3.200000000000000000e+01 4.461111111111110694e-01 1.005659325000000024e+02
4.800000000000000000e+01 4.099999999999999756e-01 3.326780208000000130e+02
4.800000000000000000e+01 4.144444444444444486e-01 2.815089856000000168e+02
4.800000000000000000e+01 4.188888888888888662e-01 2.981847892999999772e+02
4.800000000000000000e+01 4.233333333333333393e-01 4.362265577000000008e+02
4.800000000000000000e+01 4.277777777777777568e-01 5.492998387000000093e+02
4.800000000000000000e+01 4.322222222222222299e-01 7.798452922000000171e+02
4.800000000000000000e+01 4.366666666666666474e-01 5.905169395000000350e+02
4.800000000000000000e+01 4.411111111111111205e-01 5.090810063000000127e+02
4.800000000000000000e+01 4.455555555555555935e-01 4.029799735999999939e+02
4.800000000000000000e+01 4.500000000000000111e-01 2.730146619000000214e+02
4.800000000000000000e+01 4.177777777777778034e-01 2.747192382999999722e+02
4.800000000000000000e+01 4.214814814814815125e-01 4.017094174000000066e+02
4.800000000000000000e+01 4.251851851851852215e-01 5.345903670000000147e+02
4.800000000000000000e+01 4.288888888888889306e-01 5.552026495999999725e+02
4.800000000000000000e+01 4.325925925925926396e-01 5.123085542000000032e+02
4.800000000000000000e+01 4.362962962962962932e-01 6.204558058000000074e+02
4.800000000000000000e+01 4.400000000000000022e-01 7.494172367999999551e+02
4.800000000000000000e+01 4.437037037037037113e-01 4.676598195000000260e+02
4.800000000000000000e+01 4.474074074074074203e-01 4.122882435999999871e+02
4.800000000000000000e+01 4.511111111111111294e-01 2.996751161999999908e+02
4.800000000000000000e+01 4.150000000000000355e-01 3.011288691999999969e+02
4.800000000000000000e+01 4.193209876543210202e-01 3.068067905999999994e+02
4.800000000000000000e+01 4.236419753086420048e-01 6.852895052999999734e+02
4.800000000000000000e+01 4.279629629629629894e-01 5.030606103999999732e+02
4.800000000000000000e+01 4.322839506172839741e-01 7.379990686999999525e+02
4.800000000000000000e+01 4.366049382716049587e-01 8.092717532000000347e+02
4.800000000000000000e+01 4.409259259259259434e-01 5.150353827999999794e+02
4.800000000000000000e+01 4.452469135802469280e-01 3.687003275000000144e+02
4.800000000000000000e+01 4.495679012345679126e-01 3.349586209000000281e+02
4.800000000000000000e+01 4.538888888888888973e-01 2.374573043000000041e+02
4.800000000000000000e+01 4.173148148148148606e-01 3.259299727999999732e+02
4.800000000000000000e+01 4.213271604938271797e-01 5.135571588999999904e+02
4.800000000000000000e+01 4.253395061728395543e-01 6.164610615999999936e+02
4.800000000000000000e+01 4.293518518518518734e-01 4.843055674999999951e+02
4.800000000000000000e+01 4.333641975308642480e-01 5.477948844000000008e+02
4.800000000000000000e+01 4.373765432098765671e-01 1.034997082000000091e+03
4.800000000000000000e+01 4.413888888888889417e-01 4.960854881999999861e+02
4.800000000000000000e+01 4.454012345679012608e-01 3.825034775999999965e+02
4.800000000000000000e+01 4.494135802469135799e-01 2.479839767999999935e+02
4.800000000000000000e+01 4.534259259259259545e-01 2.114101153000000011e+02
4.800000000000000000e+01 4.195524691358024638e-01 2.994870389999999816e+02
4.800000000000000000e+01 4.222788065843621208e-01 3.899681646999999884e+02
4.800000000000000000e+01 4.250051440329217778e-01 4.597563342999999918e+02
4.800000000000000000e+01 4.277314814814814903e-01 4.811650217000000112e+02
4.800000000000000000e+01 4.304578189300411473e-01 5.056055771000000050e+02
4.800000000000000000e+01 4.331841563786008042e-01 5.073773014000000217e+02
4.800000000000000000e+01 4.359104938271604612e-01 6.156069093999999495e+02
4.800000000000000000e+01 4.386368312757201737e-01 7.530638701000000310e+02
4.800000000000000000e+01 4.413631687242798307e-01 6.673069173999999748e+02
4.800000000000000000e+01 4.440895061728394877e-01 5.100375981999999908e+02
6.400000000000000000e+01 4.099999999999999756e-01 5.045264440999999920e+02
6.400000000000000000e+01 4.144444444444444486e-01 3.759598197999999911e+02
6.400000000000000000e+01 4.188888888888888662e-01 4.383036182000000167e+02
6.400000000000000000e+01 4.233333333333333393e-01 8.315949397000000545e+02
6.400000000000000000e+01 4.277777777777777568e-01 1.244346559999999954e+03
6.400000000000000000e+01 4.322222222222222299e-01 1.621314603000000034e+03
6.400000000000000000e+01 4.366666666666666474e-01 1.300816651000000093e+03
6.400000000000000000e+01 4.411111111111111205e-01 8.531402838000000202e+02
6.400000000000000000e+01 4.455555555555555935e-01 3.120522174999999834e+02
6.400000000000000000e+01 4.500000000000000111e-01 1.205142201999999969e+02
6.400000000000000000e+01 4.188888888888888662e-01 6.212560869999999795e+02
6.400000000000000000e+01 4.218518518518518112e-01 7.470717026999999462e+02
6.400000000000000000e+01 4.248148148148148118e-01 1.204920409000000063e+03
6.400000000000000000e+01 4.277777777777777568e-01 1.679929585999999972e+03
6.400000000000000000e+01 4.307407407407407574e-01 1.722823910999999953e+03
6.400000000000000000e+01 4.337037037037037024e-01 1.941874078000000054e+03
6.400000000000000000e+01 4.366666666666667029e-01 2.193040544999999838e+03
6.400000000000000000e+01 4.396296296296296480e-01 1.282175803000000087e+03
6.400000000000000000e+01 4.425925925925926485e-01 8.231326288999999861e+02
6.400000000000000000e+01 4.455555555555555935e-01 2.930701081999999928e+02
6.400000000000000000e+01 4.211111111111111027e-01 6.519704842999999528e+02
6.400000000000000000e+01 4.235802469135802606e-01 1.109718192999999928e+03
6.400000000000000000e+01 4.260493827160493630e-01 1.020879889000000048e+03
6.400000000000000000e+01 4.285185185185185208e-01 1.087493891999999960e+03
6.400000000000000000e+01 4.309876543209876787e-01 1.396145430000000033e+03
6.400000000000000000e+01 4.334567901234567810e-01 1.361734396999999944e+03
6.400000000000000000e+01 4.359259259259259389e-01 1.430395170000000007e+03
6.400000000000000000e+01 4.383950617283950968e-01 1.449187216000000035e+03
6.400000000000000000e+01 4.408641975308641991e-01 7.812535659999999780e+02
6.400000000000000000e+01 4.433333333333333570e-01 5.088057761000000028e+02
6.400000000000000000e+01 4.195679012345678860e-01 6.700713706000000229e+02
6.400000000000000000e+01 4.222427983539094321e-01 7.266015771999999515e+02
6.400000000000000000e+01 4.249176954732510336e-01 1.145939004999999952e+03
6.400000000000000000e+01 4.275925925925925797e-01 1.055896189000000049e+03
6.400000000000000000e+01 4.302674897119341813e-01 1.267232330000000047e+03
6.400000000000000000e+01 4.329423868312757273e-01 1.996811142999999902e+03
6.400000000000000000e+01 4.356172839506173289e-01 1.712066270999999915e+03
6.400000000000000000e+01 4.382921810699588749e-01 1.268035037000000102e+03
6.400000000000000000e+01 4.409670781893004765e-01 9.182896289999999908e+02
6.400000000000000000e+01 4.436419753086420226e-01 5.101800905000000057e+02
6.400000000000000000e+01 4.195679012345678860e-01 1.127655107000000044e+03
6.400000000000000000e+01 4.222427983539094321e-01 7.075043717999999444e+02
6.400000000000000000e+01 4.249176954732510336e-01 1.244345205999999962e+03
6.400000000000000000e+01 4.275925925925925797e-01 1.130689219999999978e+03
6.400000000000000000e+01 4.302674897119341813e-01 1.268980681999999888e+03
6.400000000000000000e+01 4.329423868312757273e-01 1.795620137000000113e+03
6.400000000000000000e+01 4.356172839506173289e-01 1.554494009000000005e+03
6.400000000000000000e+01 4.382921810699588749e-01 1.463969284000000016e+03
6.400000000000000000e+01 4.409670781893004765e-01 1.253934322999999949e+03
6.400000000000000000e+01 4.436419753086420226e-01 4.595752663999999754e+02
8.000000000000000000e+01 4.099999999999999756e-01 5.692573879999999917e+02
8.000000000000000000e+01 4.144444444444444486e-01 5.818692340999999715e+02
8.000000000000000000e+01 4.188888888888888662e-01 5.064532510999999886e+02
8.000000000000000000e+01 4.233333333333333393e-01 6.738206532000000379e+02
8.000000000000000000e+01 4.277777777777777568e-01 8.975562938000000486e+02
8.000000000000000000e+01 4.322222222222222299e-01 1.351895935000000009e+03
8.000000000000000000e+01 4.366666666666666474e-01 1.819587639000000081e+03
8.000000000000000000e+01 4.411111111111111205e-01 1.809589294000000109e+03
8.000000000000000000e+01 4.455555555555555935e-01 1.688711221000000023e+03
8.000000000000000000e+01 4.500000000000000111e-01 7.062540517999999565e+02
8.000000000000000000e+01 4.288888888888888751e-01 1.002104549000000020e+03
8.000000000000000000e+01 4.311111111111111116e-01 1.115829028000000108e+03
8.000000000000000000e+01 4.333333333333333481e-01 1.259953506000000061e+03
8.000000000000000000e+01 4.355555555555555292e-01 1.668728311000000076e+03
8.000000000000000000e+01 4.377777777777777657e-01 2.014787998000000016e+03
8.000000000000000000e+01 4.400000000000000022e-01 1.529920544000000064e+03
8.000000000000000000e+01 4.422222222222222388e-01 1.981083769999999959e+03
8.000000000000000000e+01 4.444444444444444198e-01 1.391263326999999890e+03
8.000000000000000000e+01 4.466666666666666563e-01 9.339109006999999565e+02
8.000000000000000000e+01 4.488888888888888928e-01 7.957523846000000276e+02
8.000000000000000000e+01 4.274999999999999911e-01 1.097649427999999943e+03
8.000000000000000000e+01 4.299074074074074048e-01 1.193735159999999951e+03
8.000000000000000000e+01 4.323148148148148184e-01 1.531460931000000073e+03
8.000000000000000000e+01 4.347222222222222321e-01 1.654115769000000000e+03
8.000000000000000000e+01 4.371296296296296457e-01 1.540091703999999936e+03
8.000000000000000000e+01 4.395370370370370594e-01 3.098516082999999981e+03
8.000000000000000000e+01 4.419444444444444731e-01 1.780207971999999927e+03
8.000000000000000000e+01 4.443518518518518867e-01 1.531354233999999906e+03
8.000000000000000000e+01 4.467592592592593004e-01 1.087320457000000033e+03
8.000000000000000000e+01 4.491666666666667140e-01 6.325369941000000154e+02
8.000000000000000000e+01 4.320138888888889195e-01 1.172449900000000071e+03
8.000000000000000000e+01 4.338194444444444797e-01 1.842042382000000089e+03
8.000000000000000000e+01 4.356250000000000400e-01 2.116491738000000169e+03
8.000000000000000000e+01 4.374305555555556002e-01 2.338224392000000080e+03
8.000000000000000000e+01 4.392361111111111605e-01 1.996789352000000008e+03
8.000000000000000000e+01 4.410416666666666652e-01 1.944374818000000005e+03
8.000000000000000000e+01 4.428472222222222254e-01 1.595504509000000098e+03
8.000000000000000000e+01 4.446527777777777857e-01 1.196990444000000025e+03
8.000000000000000000e+01 4.464583333333333459e-01 9.180140963999999713e+02
8.000000000000000000e+01 4.482638888888889062e-01 9.990431363000000147e+02
8.000000000000000000e+01 4.308854166666666874e-01 1.073112129000000095e+03
8.000000000000000000e+01 4.328414351851851971e-01 1.396580097999999907e+03
8.000000000000000000e+01 4.347974537037037068e-01 1.569061369999999897e+03
8.000000000000000000e+01 4.367534722222222165e-01 1.494514742000000069e+03
8.000000000000000000e+01 4.387094907407407263e-01 2.201023628999999801e+03
8.000000000000000000e+01 4.406655092592592915e-01 2.042848367999999937e+03
8.000000000000000000e+01 4.426215277777778012e-01 2.146669687999999951e+03
8.000000000000000000e+01 4.445775462962963109e-01 1.669104565999999977e+03
8.000000000000000000e+01 4.465335648148148207e-01 1.233554726000000073e+03
8.000000000000000000e+01 4.484895833333333304e-01 8.530121358999999757e+02
9.600000000000000000e+01 4.099999999999999756e-01 6.719456760000000486e+02
9.600000000000000000e+01 4.144444444444444486e-01 5.000578894999999875e+02
9.600000000000000000e+01 4.188888888888888662e-01 7.308243033999999625e+02
9.600000000000000000e+01 4.233333333333333393e-01 9.707322864000000209e+02
9.600000000000000000e+01 4.277777777777777568e-01 1.700023719000000028e+03
9.600000000000000000e+01 4.322222222222222299e-01 2.697871893000000000e+03
9.600000000000000000e+01 4.366666666666666474e-01 3.523910472000000027e+03
9.600000000000000000e+01 4.411111111111111205e-01 1.770749880000000076e+03
9.600000000000000000e+01 4.455555555555555935e-01 8.252007115000000113e+02
9.600000000000000000e+01 4.500000000000000111e-01 2.154112086000000090e+02
9.600000000000000000e+01 4.299999999999999933e-01 2.225102002999999968e+03
9.600000000000000000e+01 4.314814814814814659e-01 1.634969248999999991e+03
9.600000000000000000e+01 4.329629629629629384e-01 2.304673401000000013e+03
9.600000000000000000e+01 4.344444444444444109e-01 1.991702240999999958e+03
9.600000000000000000e+01 4.359259259259258834e-01 2.742912346000000070e+03
9.600000000000000000e+01 4.374074074074074114e-01 3.009482805999999982e+03
9.600000000000000000e+01 4.388888888888888840e-01 2.406409583000000111e+03
9.600000000000000000e+01 4.403703703703703565e-01 1.740424440999999888e+03
9.600000000000000000e+01 4.418518518518518290e-01 1.602750299000000041e+03
9.600000000000000000e+01 4.433333333333333015e-01 1.069614283999999998e+03
9.600000000000000000e+01 4.272222222222222254e-01 1.224772441000000072e+03
9.600000000000000000e+01 4.290740740740741077e-01 1.684296454000000040e+03
9.600000000000000000e+01 4.309259259259259345e-01 2.008854117000000088e+03
9.600000000000000000e+01 4.327777777777778168e-01 2.312145398999999998e+03
9.600000000000000000e+01 4.346296296296296435e-01 2.325900536999999986e+03
9.600000000000000000e+01 4.364814814814815258e-01 2.642892244000000119e+03
9.600000000000000000e+01 4.383333333333333526e-01 2.452926386000000093e+03
9.600000000000000000e+01 4.401851851851852349e-01 2.182772726000000148e+03
9.600000000000000000e+01 4.420370370370370616e-01 1.487763216999999941e+03
9.600000000000000000e+01 4.438888888888889439e-01 1.194373327999999901e+03
9.600000000000000000e+01 4.272222222222222254e-01 1.309360462999999982e+03
9.600000000000000000e+01 4.290740740740741077e-01 1.250915743999999904e+03
9.600000000000000000e+01 4.309259259259259345e-01 2.101937606999999844e+03
9.600000000000000000e+01 4.327777777777778168e-01 3.749789534999999887e+03
9.600000000000000000e+01 4.346296296296296435e-01 2.786161580999999842e+03
9.600000000000000000e+01 4.364814814814815258e-01 2.470171921000000111e+03
9.600000000000000000e+01 4.383333333333333526e-01 2.455446324999999888e+03
9.600000000000000000e+01 4.401851851851852349e-01 1.813822085999999899e+03
9.600000000000000000e+01 4.420370370370370616e-01 1.302432321000000002e+03
9.600000000000000000e+01 4.438888888888889439e-01 1.023042595000000006e+03
9.600000000000000000e+01 4.274537037037036691e-01 1.817325620000000072e+03
9.600000000000000000e+01 4.291512345679012186e-01 2.017551760000000058e+03
9.600000000000000000e+01 4.308487654320987681e-01 2.057230359000000135e+03
9.600000000000000000e+01 4.325462962962962621e-01 2.080988601999999901e+03
9.600000000000000000e+01 4.342438271604938116e-01 2.480678429999999935e+03
9.600000000000000000e+01 4.359413580246913611e-01 2.234374325000000226e+03
9.600000000000000000e+01 4.376388888888889106e-01 1.961199299999999994e+03
9.600000000000000000e+01 4.393364197530864046e-01 2.220309079999999994e+03
9.600000000000000000e+01 4.410339506172839541e-01 1.775014996999999994e+03
9.600000000000000000e+01 4.427314814814815036e-01 1.589412888000000066e+03
1.120000000000000000e+02 4.099999999999999756e-01 5.275020325000000412e+02
1.120000000000000000e+02 4.144444444444444486e-01 9.061390216999999438e+02
1.120000000000000000e+02 4.188888888888888662e-01 1.187182538000000022e+03
1.120000000000000000e+02 4.233333333333333393e-01 1.346355362999999898e+03
1.120000000000000000e+02 4.277777777777777568e-01 1.763812811000000011e+03
1.120000000000000000e+02 4.322222222222222299e-01 1.837181389999999965e+03
1.120000000000000000e+02 4.366666666666666474e-01 3.431960981000000174e+03
1.120000000000000000e+02 4.411111111111111205e-01 3.810040329999999813e+03
1.120000000000000000e+02 4.455555555555555935e-01 1.504328643999999940e+03
1.120000000000000000e+02 4.500000000000000111e-01 7.515015683999999965e+02
1.120000000000000000e+02 4.355555555555555292e-01 3.090126350000000002e+03
1.120000000000000000e+02 4.362962962962962932e-01 4.140070972999999867e+03
1.120000000000000000e+02 4.370370370370370017e-01 3.582507317999999941e+03
1.120000000000000000e+02 4.377777777777777657e-01 3.055456556999999975e+03
1.120000000000000000e+02 4.385185185185185297e-01 4.415240028000000166e+03
1.120000000000000000e+02 4.392592592592592382e-01 3.206466915999999856e+03
1.120000000000000000e+02 4.400000000000000022e-01 3.187355511000000206e+03
1.120000000000000000e+02 4.407407407407407662e-01 3.365630592999999863e+03
1.120000000000000000e+02 4.414814814814814747e-01 3.057232865999999831e+03
1.120000000000000000e+02 4.422222222222222388e-01 4.008399021000000175e+03
1.120000000000000000e+02 4.338888888888888795e-01 2.481430018999999902e+03
1.120000000000000000e+02 4.349999999999999978e-01 3.295586052000000109e+03
1.120000000000000000e+02 4.361111111111111160e-01 3.287680358000000069e+03
1.120000000000000000e+02 4.372222222222222343e-01 3.808048350000000028e+03
1.120000000000000000e+02 4.383333333333333526e-01 3.092336964999999964e+03
1.120000000000000000e+02 4.394444444444444153e-01 3.056037401999999929e+03
1.120000000000000000e+02 4.405555555555555336e-01 2.916091207999999824e+03
1.120000000000000000e+02 4.416666666666666519e-01 4.341082855999999992e+03
1.120000000000000000e+02 4.427777777777777701e-01 3.875195462000000134e+03
1.120000000000000000e+02 4.438888888888888884e-01 2.228688424999999825e+03
1.120000000000000000e+02 4.313888888888888773e-01 2.319707240000000183e+03
1.120000000000000000e+02 4.330555555555555269e-01 2.167974880000000212e+03
1.120000000000000000e+02 4.347222222222222321e-01 2.564437214000000040e+03
1.120000000000000000e+02 4.363888888888888817e-01 2.803751593999999841e+03
1.120000000000000000e+02 4.380555555555555314e-01 3.114084620999999970e+03
1.120000000000000000e+02 4.397222222222222365e-01 4.103386872000000039e+03
1.120000000000000000e+02 4.413888888888888862e-01 3.220806089000000156e+03
1.120000000000000000e+02 4.430555555555555358e-01 3.054634935999999925e+03
1.120000000000000000e+02 4.447222222222222410e-01 2.018706280999999990e+03
1.120000000000000000e+02 4.463888888888888906e-01 1.516599103000000014e+03
1.120000000000000000e+02 4.282638888888888884e-01 1.307342646000000059e+03
1.120000000000000000e+02 4.303472222222222143e-01 1.873870437999999922e+03
1.120000000000000000e+02 4.324305555555555403e-01 2.063057624000000033e+03
1.120000000000000000e+02 4.345138888888889217e-01 3.497132270999999946e+03
1.120000000000000000e+02 4.365972222222222476e-01 3.142710662999999840e+03
1.120000000000000000e+02 4.386805555555555736e-01 2.521930065000000013e+03
1.120000000000000000e+02 4.407638888888888995e-01 4.681469680000000153e+03
1.120000000000000000e+02 4.428472222222222809e-01 2.427919597000000067e+03
1.120000000000000000e+02 4.449305555555556069e-01 1.329187370999999985e+03
1.120000000000000000e+02 4.470138888888889328e-01 1.096232445999999982e+03
1.280000000000000000e+02 4.099999999999999756e-01 1.071365109999999959e+03
1.280000000000000000e+02 4.144444444444444486e-01 1.138406553000000031e+03
1.280000000000000000e+02 4.188888888888888662e-01 1.253749013999999988e+03
1.280000000000000000e+02 4.233333333333333393e-01 1.303375285000000076e+03
1.280000000000000000e+02 4.277777777777777568e-01 1.828972080000000005e+03
1.280000000000000000e+02 4.322222222222222299e-01 3.729722639999999956e+03
1.280000000000000000e+02 4.366666666666666474e-01 7.981237552999999934e+03
1.280000000000000000e+02 4.411111111111111205e-01 5.661901764999999614e+03
1.280000000000000000e+02 4.455555555555555935e-01 3.726465339999999742e+02
1.280000000000000000e+02 4.500000000000000111e-01 1.256242117999999977e+02
1.280000000000000000e+02 4.355555555555555292e-01 8.355996160000000600e+03
1.280000000000000000e+02 4.362962962962962932e-01 6.088761276999999609e+03
1.280000000000000000e+02 4.370370370370370017e-01 9.033730561000000307e+03
1.280000000000000000e+02 4.377777777777777657e-01 7.335606786999999713e+03
1.280000000000000000e+02 4.385185185185185297e-01 6.084035399999999754e+03
1.280000000000000000e+02 4.392592592592592382e-01 5.468379291999999623e+03
1.280000000000000000e+02 4.400000000000000022e-01 4.741582755000000361e+03
1.280000000000000000e+02 4.407407407407407662e-01 3.198835441000000174e+03
1.280000000000000000e+02 4.414814814814814747e-01 2.627336261999999806e+03
1.280000000000000000e+02 4.422222222222222388e-01 1.918110787999999957e+03
1.280000000000000000e+02 4.341666666666666452e-01 4.308981966000000284e+03
1.280000000000000000e+02 4.350925925925925863e-01 7.286464901000000282e+03
1.280000000000000000e+02 4.360185185185185275e-01 7.722513922000000093e+03
1.280000000000000000e+02 4.369444444444444686e-01 7.052299793000000136e+03
1.280000000000000000e+02 4.378703703703704098e-01 7.266984709000000294e+03
1.280000000000000000e+02 4.387962962962962954e-01 7.414856843999999910e+03
1.280000000000000000e+02 4.397222222222222365e-01 4.410626663000000008e+03
1.280000000000000000e+02 4.406481481481481777e-01 4.345264218999999684e+03
1.280000000000000000e+02 4.415740740740741188e-01 2.294218280999999934e+03
1.280000000000000000e+02 4.425000000000000600e-01 1.839385764000000108e+03
1.280000000000000000e+02 4.335879629629629806e-01 6.601274438000000373e+03
1.280000000000000000e+02 4.345910493827160881e-01 3.931863408000000163e+03
1.280000000000000000e+02 4.355941358024691401e-01 6.231846174000000246e+03
1.280000000000000000e+02 4.365972222222222476e-01 6.579983245999999781e+03
1.280000000000000000e+02 4.376003086419752997e-01 6.925131140000000414e+03
1.280000000000000000e+02 4.386033950617284072e-01 7.380962706999999682e+03
1.280000000000000000e+02 4.396064814814814592e-01 8.938558552000000418e+03
1.280000000000000000e+02 4.406095679012345667e-01 5.211168152000000191e+03
1.280000000000000000e+02 4.416126543209876187e-01 2.691836401999999907e+03
1.280000000000000000e+02 4.426157407407407263e-01 1.550118247999999994e+03
1.280000000000000000e+02 4.317071759259259456e-01 3.136565206000000217e+03
1.280000000000000000e+02 4.329610339506173022e-01 3.894470115999999962e+03
1.280000000000000000e+02 4.342148919753086589e-01 4.414353307999999743e+03
1.280000000000000000e+02 4.354687500000000155e-01 9.720277223999999478e+03
1.280000000000000000e+02 4.367226080246913722e-01 6.785173340999999709e+03
1.280000000000000000e+02 4.379764660493827289e-01 8.248105228000000352e+03
1.280000000000000000e+02 4.392303240740740855e-01 6.466996130000000448e+03
1.280000000000000000e+02 4.404841820987654422e-01 4.210679807000000437e+03
1.280000000000000000e+02 4.417380401234567988e-01 2.300598812000000180e+03
1.280000000000000000e+02 4.429918981481481555e-01 1.401014818000000105e+03
1.440000000000000000e+02 4.099999999999999756e-01 9.982336738999999852e+02
1.440000000000000000e+02 4.144444444444444486e-01 1.059999035999999933e+03
1.440000000000000000e+02 4.188888888888888662e-01 1.054656895999999961e+03
1.440000000000000000e+02 4.233333333333333393e-01 1.430661788999999999e+03
1.440000000000000000e+02 4.277777777777777568e-01 2.590228997000000163e+03
1.440000000000000000e+02 4.322222222222222299e-01 3.089841159999999945e+03
1.440000000000000000e+02 4.366666666666666474e-01 6.777274671999999555e+03
1.440000000000000000e+02 4.411111111111111205e-01 3.928393140000000130e+03
1.440000000000000000e+02 4.455555555555555935e-01 5.575661440000000084e+02
1.440000000000000000e+02 4.500000000000000111e-01 1.711721655000000055e+02
1.440000000000000000e+02 4.355555555555555292e-01 5.299942240000000311e+03
1.440000000000000000e+02 4.362962962962962932e-01 6.598977211000000352e+03
1.440000000000000000e+02 4.370370370370370017e-01 7.312232610000000022e+03
1.440000000000000000e+02 4.377777777777777657e-01 8.091632069000000229e+03
1.440000000000000000e+02 4.385185185185185297e-01 8.250619646999999532e+03
1.440000000000000000e+02 4.392592592592592382e-01 5.745588318000000072e+03
1.440000000000000000e+02 4.400000000000000022e-01 7.212341687000000093e+03
1.440000000000000000e+02 4.407407407407407662e-01 4.759230983999999808e+03
1.440000000000000000e+02 4.414814814814814747e-01 3.349799813999999969e+03
1.440000000000000000e+02 4.422222222222222388e-01 2.548705399999999827e+03
1.440000000000000000e+02 4.342592592592592338e-01 3.688114039000000048e+03
1.440000000000000000e+02 4.351234567901234307e-01 8.123456449000000248e+03
1.440000000000000000e+02 4.359876543209876276e-01 5.699236423000000286e+03
1.440000000000000000e+02 4.368518518518518801e-01 7.392146238999999696e+03
1.440000000000000000e+02 4.377160493827160770e-01 7.457916508999999678e+03
1.440000000000000000e+02 4.385802469135802739e-01 6.521138396999999713e+03
1.440000000000000000e+02 4.394444444444444708e-01 6.761817796999999700e+03
1.440000000000000000e+02 4.403086419753087233e-01 4.276890346000000136e+03
1.440000000000000000e+02 4.411728395061729202e-01 3.284899762999999894e+03
1.440000000000000000e+02 4.420370370370371171e-01 3.795397704999999860e+03
1.440000000000000000e+02 4.337191358024691246e-01 4.625301002999999582e+03
1.440000000000000000e+02 4.346553497942386990e-01 5.731625240000000304e+03
1.440000000000000000e+02 4.355915637860082179e-01 5.461448285999999825e+03
1.440000000000000000e+02 4.365277777777777923e-01 9.785693595999999161e+03
1.440000000000000000e+02 4.374639917695473113e-01 8.461634953999999198e+03
1.440000000000000000e+02 4.384002057613168857e-01 6.200152355999999600e+03
1.440000000000000000e+02 4.393364197530864046e-01 6.194613164000000324e+03
1.440000000000000000e+02 4.402726337448559790e-01 5.481959120000000439e+03
1.440000000000000000e+02 4.412088477366254979e-01 3.676166227000000163e+03
1.440000000000000000e+02 4.421450617283950724e-01 3.619985199000000193e+03
1.440000000000000000e+02 4.332510288065843373e-01 3.523137545000000046e+03
1.440000000000000000e+02 4.341872427983539118e-01 4.395403486000000157e+03
1.440000000000000000e+02 4.351234567901234307e-01 5.582082344000000376e+03
1.440000000000000000e+02 4.360596707818930051e-01 6.929170360000000073e+03
1.440000000000000000e+02 4.369958847736625240e-01 5.961448771999999735e+03
1.440000000000000000e+02 4.379320987654320985e-01 6.423811681999999564e+03
1.440000000000000000e+02 4.388683127572016174e-01 4.743350392000000284e+03
1.440000000000000000e+02 4.398045267489711918e-01 8.504904151000000638e+03
1.440000000000000000e+02 4.407407407407407107e-01 5.294357885000000351e+03
1.440000000000000000e+02 4.416769547325102852e-01 3.290505520000000161e+03
1.600000000000000000e+02 4.099999999999999756e-01 1.697685114000000112e+03
1.600000000000000000e+02 4.144444444444444486e-01 1.001503541000000041e+03
1.600000000000000000e+02 4.188888888888888662e-01 1.474741426000000047e+03
1.600000000000000000e+02 4.233333333333333393e-01 1.737804908000000069e+03
1.600000000000000000e+02 4.277777777777777568e-01 2.497779809000000114e+03
1.600000000000000000e+02 4.322222222222222299e-01 3.666489160000000084e+03
1.600000000000000000e+02 4.366666666666666474e-01 1.088955217000000084e+04
1.600000000000000000e+02 4.411111111111111205e-01 4.292171631999999590e+03
1.600000000000000000e+02 4.455555555555555935e-01 1.277063198999999940e+03
1.600000000000000000e+02 4.500000000000000111e-01 3.317650702999999908e+02
1.600000000000000000e+02 4.333333333333332926e-01 3.778562183000000005e+03
1.600000000000000000e+02 4.340740740740740566e-01 5.772156696000000011e+03
1.600000000000000000e+02 4.348148148148147651e-01 4.665988699999999881e+03
1.600000000000000000e+02 4.355555555555555292e-01 1.108203399999999965e+04
1.600000000000000000e+02 4.362962962962962932e-01 6.156747624999999971e+03
1.600000000000000000e+02 4.370370370370370017e-01 8.996902975000000879e+03
1.600000000000000000e+02 4.377777777777777657e-01 8.676940592000000834e+03
1.600000000000000000e+02 4.385185185185185297e-01 6.764881489999999758e+03
1.600000000000000000e+02 4.392592592592592382e-01 1.079789599000000089e+04
1.600000000000000000e+02 4.400000000000000022e-01 7.917911954000000151e+03
1.600000000000000000e+02 4.325925925925925286e-01 3.305045621000000210e+03
1.600000000000000000e+02 4.335802469135802140e-01 3.495588216000000102e+03
1.600000000000000000e+02 4.345679012345678438e-01 4.589310304999999971e+03
1.600000000000000000e+02 4.355555555555555292e-01 4.830074470999999903e+03
1.600000000000000000e+02 4.365432098765431590e-01 6.889275966999999582e+03
1.600000000000000000e+02 4.375308641975308444e-01 7.363999149999999645e+03
1.600000000000000000e+02 4.385185185185184742e-01 1.195934346000000005e+04
1.600000000000000000e+02 4.395061728395061595e-01 6.765547096999999667e+03
1.600000000000000000e+02 4.404938271604937894e-01 8.194631054999999833e+03
1.600000000000000000e+02 4.414814814814814747e-01 4.241777648000000227e+03
1.600000000000000000e+02 4.343209876543209780e-01 3.957478817000000163e+03
1.600000000000000000e+02 4.351440329218106973e-01 5.951754555000000437e+03
1.600000000000000000e+02 4.359670781893004166e-01 7.058576281999999992e+03
1.600000000000000000e+02 4.367901234567901358e-01 6.411904233999999633e+03
1.600000000000000000e+02 4.376131687242798551e-01 7.226672230999999556e+03
1.600000000000000000e+02 4.384362139917695189e-01 6.481779249000000164e+03
1.600000000000000000e+02 4.392592592592592382e-01 6.676553025999999591e+03
1.600000000000000000e+02 4.400823045267489575e-01 5.247622870000000148e+03
1.600000000000000000e+02 4.409053497942386768e-01 4.428178850000000239e+03
1.600000000000000000e+02 4.417283950617283961e-01 3.346649266999999782e+03
1.600000000000000000e+02 4.343209876543209780e-01 6.287248263000000406e+03
1.600000000000000000e+02 4.351440329218106973e-01 5.504810465999999906e+03
1.600000000000000000e+02 4.359670781893004166e-01 5.934160224999999627e+03
1.600000000000000000e+02 4.367901234567901358e-01 6.894894167000000380e+03
1.600000000000000000e+02 4.376131687242798551e-01 7.539120834999999715e+03
1.600000000000000000e+02 4.384362139917695189e-01 9.495588906999999381e+03
1.600000000000000000e+02 4.392592592592592382e-01 6.186250697999999829e+03
1.600000000000000000e+02 4.400823045267489575e-01 7.680459643999999571e+03
1.600000000000000000e+02 4.409053497942386768e-01 5.272676360000000386e+03
1.600000000000000000e+02 4.417283950617283961e-01 3.825584182000000055e+03
